1.16,0.46,1.30,0.14,-0.14,-2.82, 1.12
-2.04,-2.72,-2.20,-2.34,-2.00,-2.88, 0.40
-1.82,-2.38,-1.95,-2.07,-1.78,-2.52, 0.34
-1.64,-2.10,-1.75,-1.84,-1.61,-2.22, 0.28
-1.48,-1.87,-1.58,-1.66,-1.46,-1.97, 0.23
-1.35,-1.68,-1.43,-1.50,-1.33,-1.76, 0.24
-1.23,-1.52,-1.31,-1.37,-1.21,-1.59, 0.21
-1.10,-1.39,-1.19,-1.25,-1.07,-1.44, 0.31
1.78,-1.20,-0.81,1.96,1.64,-1.27, 0.71
-1.97,1.58,0.67,-2.02,-1.93,-1.20, 0.89
-1.78,-1.90,-1.84,-1.81,-1.71,1.75, 1.38
-1.60,-1.71,-1.66,-1.63,-1.56,-1.95, 1.08
-1.45,-1.54,-1.50,-1.48,-1.42,-1.74, 0.19
-1.33,-1.41,-1.37,-1.35,-1.30,-1.57, 0.18
-1.21,-1.28,-1.25,-1.23,-1.18,-1.43, 0.21
-1.06,-1.16,-1.12,-1.10,-0.98,-1.31, 0.46
1.59,1.70,1.64,1.51,1.30,-1.07, 0.84
-1.92,-1.94,-1.93,-1.90,-1.87,-0.97, 1.26
-1.72,-1.74,-1.73,-1.70,-1.66,0.93, 1.31
-1.56,-1.57,-1.56,-1.54,-1.52,-1.84, 0.51
-1.42,-1.43,-1.42,-1.40,-1.39,-1.65, 0.17
-1.29,-1.30,-1.30,-1.28,-1.26,-1.50, 0.17
-1.17,-1.18,-1.18,-1.16,-1.14,-1.37, 0.22
-0.95,-0.99,-0.96,0.49,1.96,-1.18, 0.70
1.19,1.27,1.04,-1.99,-2.02,1.93, 1.06
-1.86,-1.87,-1.85,-1.83,-1.81,-2.01, 1.43
-1.67,-1.68,-1.66,-1.65,-1.63,-1.81, 0.90
-1.51,-1.52,-1.51,-1.49,-1.48,-1.63, 0.28
-1.38,-1.38,-1.37,-1.36,-1.35,-1.48, 0.16
-1.26,-1.26,-1.25,-1.24,-1.23,-1.35, 0.18
-1.13,-1.14,-1.13,-1.11,-1.10,-1.23, 0.25
1.92,1.93,1.88,1.82,1.78,1.93, 1.05
-2.02,-2.02,-2.00,-1.99,-1.98,-2.01, 1.37
-1.80,-1.80,-1.79,-1.78,-1.77,-1.80, 1.02
-1.62,-1.62,-1.61,-1.60,-1.60,-1.62, 0.80
-1.47,-1.47,-1.46,-1.46,-1.45,-1.47, 0.16
-1.34,-1.34,-1.34,-1.33,-1.32,-1.34, 0.17
-1.22,-1.23,-1.22,-1.21,-1.20,-1.22, 0.20
-1.09,-1.09,-1.08,-1.06,-1.05,-1.09, 0.41
1.71,1.72,1.67,1.63,1.60,1.67, 1.28
-1.95,-1.96,-1.95,-1.94,-1.93,-1.94, 1.20
-1.75,-1.75,-1.74,-1.74,-1.73,-1.74, 0.93
-1.58,-1.58,-1.57,-1.57,-1.56,-1.57, 0.60
-1.43,-1.44,-1.43,-1.43,-1.42,-1.43, 0.17
-1.31,-1.31,-1.31,-1.30,-1.30,-1.30, 0.16
-1.19,-1.19,-1.19,-1.18,-1.18,-1.18, 0.21
-1.02,-1.03,-1.01,-0.99,-0.98,-1.00, 0.69
1.43,1.47,1.43,1.38,1.34,1.40, 1.41
-1.89,-1.90,-1.90,-1.89,-1.89,-1.89, 0.81
-1.70,-1.70,-1.70,-1.70,-1.69,-1.70, 0.97
-1.53,-1.54,-1.54,-1.53,-1.53,-1.53, 0.29
-1.40,-1.40,-1.40,-1.40,-1.39,-1.40, 0.17
-1.28,-1.28,-1.28,-1.27,-1.27,-1.28, 0.17
-1.15,-1.16,-1.16,-1.15,-1.15,-1.15, 0.23
1.90,-0.68,-0.65,0.07,1.48,-0.21, 1.14
-2.04,0.64,0.75,-0.06,-1.55,0.22, 1.35
-1.83,-1.84,-1.85,-1.84,-1.84,-1.84, 0.85
-1.65,-1.66,-1.66,-1.66,-1.65,-1.66, 0.80
-1.49,-1.50,-1.50,-1.50,-1.50,-1.50, 0.21
-1.36,-1.37,-1.37,-1.37,-1.37,-1.37, 0.17
-1.24,-1.25,-1.25,-1.25,-1.25,-1.25, 0.19
-1.11,-1.12,-1.12,-1.12,-1.12,-1.12, 0.35
1.82,1.87,1.89,1.88,1.87,1.89, 1.39
-1.99,-2.00,-2.01,-2.01,-2.01,-2.01, 1.01
-1.78,-1.79,-1.80,-1.80,-1.80,-1.80, 0.87
-1.60,-1.61,-1.62,-1.62,-1.62,-1.62, 0.71
-1.45,-1.46,-1.47,-1.47,-1.47,-1.47, 0.18
-1.33,-1.33,-1.34,-1.34,-1.34,-1.34, 0.17
-1.21,-1.22,-1.22,-1.22,-1.22,-1.22, 0.22
-1.06,-1.07,-1.08,-1.08,-1.08,-1.09, 0.80
1.59,1.65,1.70,1.72,1.71,1.72, 1.40
-1.92,-1.94,-1.95,-1.96,-1.96,-1.96, 0.76
-1.72,-1.74,-1.75,-1.76,-1.76,-1.76, 0.98
-1.56,-1.57,-1.58,-1.58,-1.58,-1.59, 0.42
-1.42,-1.42,-1.43,-1.44,-1.44,-1.44, 0.18
-1.29,-1.30,-1.31,-1.31,-1.31,-1.31, 0.19
-1.17,-1.18,-1.19,-1.19,-1.19,-1.20, 0.20
-0.96,-0.99,-1.02,-1.03,-1.03,-1.03, 1.19
1.20,1.33,1.42,1.48,1.51,1.50, 1.28
-1.86,-1.88,-1.89,-1.90,-1.91,-1.91, 0.80
-1.67,-1.68,-1.70,-1.71,-1.71,-1.71, 0.87
-1.52,-1.52,-1.53,-1.54,-1.55,-1.55, 0.25
-1.38,-1.39,-1.40,-1.40,-1.41,-1.41, 0.18
-1.26,-1.27,-1.27,-1.28,-1.29,-1.28, 0.19
-1.13,-1.14,-1.15,-1.16,-1.17,-1.16, 0.35
1.93,1.97,1.98,-0.69,-0.90,-0.83, 1.36
-2.02,-2.04,-2.04,0.62,1.08,0.89, 1.09
-1.81,-1.82,-1.83,-1.84,-1.85,-1.85, 0.86
-1.63,-1.64,-1.65,-1.66,-1.67,-1.66, 0.72
-1.47,-1.48,-1.49,-1.50,-1.51,-1.50, 0.19
-1.34,-1.35,-1.36,-1.37,-1.37,-1.37, 0.17
-1.23,-1.23,-1.24,-1.25,-1.25,-1.25, 0.22
-1.09,-1.10,-1.11,-1.12,-1.13,-1.12, 0.64
1.72,1.77,1.82,1.86,1.90,1.88, 1.40
-1.96,-1.97,-1.98,-2.00,-2.01,-2.00, 0.82
-1.75,-1.76,-1.77,-1.79,-1.80,-1.79, 0.97
-1.58,-1.59,-1.60,-1.61,-1.62,-1.61, 0.51
-1.44,-1.44,-1.45,-1.46,-1.47,-1.47, 0.17
-1.31,-1.32,-1.33,-1.33,-1.34,-1.34, 0.20
-1.19,-1.20,-1.21,-1.21,-1.22,-1.22, 0.20
-1.03,-1.04,-1.06,-1.07,-1.08,-1.08, 0.97
1.44,1.52,1.58,1.64,1.69,1.66, 1.35
-1.89,-1.91,-1.92,-1.94,-1.95,-1.94, 0.82
-1.70,-1.71,-1.72,-1.73,-1.74,-1.74, 0.90
-1.54,-1.55,-1.56,-1.57,-1.57,-1.57, 0.30
-1.40,-1.41,-1.42,-1.42,-1.43,-1.43, 0.18
-1.28,-1.28,-1.29,-1.30,-1.31,-1.30, 0.21
-1.16,-1.16,-1.17,-1.18,-1.19,-1.18, 0.23
0.71,-0.84,-0.95,-0.99,-1.01,-1.00, 1.31
-1.93,0.89,1.19,1.31,1.39,1.35, 1.23
-1.83,-1.85,-1.86,-1.87,-1.89,-1.88, 0.86
-1.65,-1.66,-1.67,-1.68,-1.69,-1.69, 0.73
-1.50,-1.50,-1.51,-1.52,-1.53,-1.53, 0.22
-1.36,-1.37,-1.38,-1.39,-1.39,-1.39, 0.18
-1.24,-1.25,-1.26,-1.27,-1.27,-1.27, 0.21
-1.11,-1.12,-1.13,-1.14,-1.15,-1.15, 0.43
1.83,1.88,1.92,1.96,2.00,1.98, 1.40
-1.99,-2.00,-2.02,-2.04,-2.05,-2.04, 1.05
-1.78,-1.79,-1.80,-1.82,-1.83,-1.82, 0.84
-1.60,-1.61,-1.62,-1.64,-1.64,-1.64, 0.63
-1.46,-1.47,-1.47,-1.48,-1.49,-1.49, 0.17
-1.33,-1.34,-1.34,-1.35,-1.36,-1.35, 0.21
-1.21,-1.22,-1.22,-1.23,-1.24,-1.23, 0.18
-1.06,-1.08,-1.09,-1.10,-1.11,-1.10, 0.83
1.60,1.66,1.71,1.76,1.80,1.78, 1.40
-1.93,-1.94,-1.95,-1.97,-1.98,-1.97, 0.86
-1.73,-1.74,-1.75,-1.76,-1.77,-1.77, 0.88
-1.56,-1.57,-1.58,-1.59,-1.60,-1.59, 0.42
-1.42,-1.43,-1.44,-1.44,-1.45,-1.45, 0.17
-1.29,-1.30,-1.31,-1.32,-1.32,-1.32, 0.21
-1.17,-1.18,-1.19,-1.20,-1.20,-1.20, 0.19
-0.97,-1.00,-1.02,-1.04,-1.05,-1.05, 1.09
1.24,1.35,1.44,1.51,1.57,1.53, 1.35
-1.87,-1.88,-1.89,-1.91,-1.92,-1.91, 0.88
-1.68,-1.69,-1.70,-1.71,-1.72,-1.71, 0.74
-1.52,-1.53,-1.54,-1.55,-1.55,-1.55, 0.27
-1.38,-1.39,-1.40,-1.41,-1.41,-1.41, 0.19
-1.26,-1.27,-1.28,-1.28,-1.29,-1.29, 0.21
-1.14,-1.15,-1.15,-1.16,-1.17,-1.17, 0.26
1.93,1.98,1.42,-0.81,-0.93,-0.90, 1.38
-2.02,-2.04,-2.03,0.83,1.14,1.01, 1.15
-1.81,-1.82,-1.83,-1.85,-1.86,-1.85, 0.83
-1.63,-1.64,-1.65,-1.66,-1.67,-1.66, 0.65
-1.48,-1.49,-1.49,-1.50,-1.51,-1.51, 0.18
-1.35,-1.35,-1.36,-1.37,-1.38,-1.37, 0.21
-1.23,-1.23,-1.24,-1.25,-1.26,-1.25, 0.18
-1.09,-1.10,-1.11,-1.12,-1.13,-1.13, 0.46
1.73,1.78,1.83,1.87,1.91,1.89, 1.41
-1.96,-1.97,-1.99,-2.00,-2.01,-2.01, 0.93
-1.75,-1.77,-1.78,-1.79,-1.80,-1.79, 0.86
-1.58,-1.59,-1.60,-1.61,-1.62,-1.62, 0.53
-1.44,-1.45,-1.46,-1.46,-1.47,-1.47, 0.17
-1.31,-1.32,-1.33,-1.34,-1.34,-1.34, 0.22
-1.19,-1.20,-1.21,-1.22,-1.22,-1.22, 0.17
-1.03,-1.05,-1.06,-1.08,-1.09,-1.08, 0.98
1.46,1.53,1.60,1.65,1.70,1.67, 1.39
-1.90,-1.91,-1.92,-1.94,-1.95,-1.94, 0.84
-1.70,-1.71,-1.72,-1.74,-1.75,-1.74, 0.84
-1.54,-1.55,-1.56,-1.57,-1.58,-1.57, 0.33
-1.40,-1.41,-1.42,-1.43,-1.43,-1.43, 0.18
-1.28,-1.29,-1.29,-1.30,-1.31,-1.30, 0.20
-1.16,-1.17,-1.17,-1.18,-1.19,-1.18, 0.20
-0.64,-0.90,-0.96,-1.00,-1.02,-1.01, 1.24
0.66,1.08,1.24,1.34,1.42,1.37, 1.32
-1.85,-1.86,-1.87,-1.88,-1.89,-1.88, 0.86
-1.66,-1.67,-1.68,-1.69,-1.70,-1.69, 0.71
-1.50,-1.51,-1.52,-1.53,-1.53,-1.53, 0.21
-1.37,-1.38,-1.38,-1.39,-1.40,-1.39, 0.21
-1.25,-1.26,-1.26,-1.27,-1.27,-1.27, 0.18
-1.12,-1.13,-1.14,-1.15,-1.15,-1.15, 0.35
1.89,1.92,1.95,1.99,1.93,1.99, 1.42
-2.01,-2.02,-2.03,-2.05,-2.05,-2.04, 1.13
-1.80,-1.81,-1.82,-1.83,-1.83,-1.82, 0.81
-1.62,-1.63,-1.63,-1.64,-1.65,-1.64, 0.63
-1.47,-1.48,-1.48,-1.49,-1.49,-1.49, 0.17
-1.34,-1.35,-1.35,-1.36,-1.36,-1.36, 0.23
-1.22,-1.23,-1.23,-1.24,-1.24,-1.24, 0.17
-1.08,-1.09,-1.10,-1.11,-1.11,-1.11, 0.59
1.72,1.74,1.78,1.81,1.83,1.79, 1.45
-1.96,-1.97,-1.98,-1.99,-1.99,-1.98, 0.86
-1.75,-1.76,-1.77,-1.78,-1.78,-1.77, 0.84
-1.58,-1.59,-1.59,-1.60,-1.60,-1.59, 0.44
-1.44,-1.44,-1.45,-1.45,-1.46,-1.45, 0.18
-1.31,-1.32,-1.32,-1.33,-1.33,-1.32, 0.21
-1.19,-1.20,-1.20,-1.21,-1.21,-1.20, 0.18
-1.03,-1.04,-1.05,-1.06,-1.06,-1.05, 0.99
1.49,1.53,1.57,1.61,1.61,1.55, 1.37
-1.90,-1.91,-1.92,-1.93,-1.93,-1.91, 0.87
-1.71,-1.72,-1.72,-1.73,-1.73,-1.72, 0.74
-1.54,-1.55,-1.56,-1.56,-1.56,-1.55, 0.28
-1.41,-1.41,-1.42,-1.42,-1.42,-1.41, 0.22
-1.28,-1.29,-1.29,-1.30,-1.30,-1.29, 0.18
-1.16,-1.17,-1.17,-1.18,-1.18,-1.17, 0.24
-0.81,-0.92,-0.96,-0.98,-0.97,-0.92, 1.33
0.86,1.14,1.25,1.32,1.25,1.09, 1.27
-1.85,-1.86,-1.87,-1.88,-1.87,-1.85, 0.83
-1.66,-1.67,-1.68,-1.68,-1.68,-1.67, 0.64
-1.50,-1.51,-1.52,-1.52,-1.52,-1.51, 0.18
-1.37,-1.38,-1.38,-1.39,-1.38,-1.37, 0.24
-1.25,-1.26,-1.26,-1.27,-1.26,-1.25, 0.17
-1.12,-1.13,-1.14,-1.14,-1.14,-1.13, 0.48
1.88,1.92,1.95,1.97,1.94,1.90, 1.44
-2.00,-2.02,-2.03,-2.04,-2.03,-2.01, 0.97
-1.79,-1.80,-1.82,-1.82,-1.81,-1.80, 0.83
-1.61,-1.62,-1.63,-1.64,-1.63,-1.62, 0.54
-1.47,-1.47,-1.48,-1.49,-1.48,-1.47, 0.19
-1.34,-1.34,-1.35,-1.35,-1.35,-1.34, 0.20
-1.22,-1.22,-1.23,-1.23,-1.23,-1.22, 0.17
-1.08,-1.09,-1.10,-1.10,-1.09,-1.08, 0.80
1.66,1.71,1.76,1.78,1.74,1.68, 1.44
-1.94,-1.95,-1.97,-1.97,-1.96,-1.95, 0.85
-1.74,-1.75,-1.76,-1.77,-1.76,-1.74, 0.83
-1.57,-1.58,-1.59,-1.59,-1.58,-1.57, 0.33
-1.43,-1.44,-1.44,-1.45,-1.44,-1.43, 0.20
-1.30,-1.31,-1.32,-1.32,-1.31,-1.31, 0.18
-1.18,-1.19,-1.20,-1.20,-1.19,-1.19, 0.18
-1.00,-1.02,-1.04,-1.05,-1.03,-1.01, 1.10
1.35,1.44,1.51,1.54,1.47,1.39, 1.39
-1.88,-1.89,-1.91,-1.91,-1.90,-1.89, 0.86
-1.69,-1.70,-1.71,-1.71,-1.70,-1.69, 0.74
-1.53,-1.54,-1.55,-1.55,-1.54,-1.53, 0.21
-1.39,-1.40,-1.41,-1.41,-1.40,-1.39, 0.23
-1.27,-1.28,-1.28,-1.29,-1.28,-1.27, 0.17
-1.15,-1.15,-1.16,-1.17,-1.16,-1.15, 0.35
1.98,1.23,-0.82,-0.90,-0.46,1.98, 1.39
-2.04,-2.02,0.85,1.05,0.09,-2.04, 1.18
-1.82,-1.83,-1.85,-1.85,-1.84,-1.83, 0.79
-1.64,-1.65,-1.66,-1.66,-1.65,-1.64, 0.65
-1.49,-1.50,-1.50,-1.51,-1.50,-1.49, 0.19
-1.35,-1.36,-1.37,-1.37,-1.37,-1.36, 0.20
-1.24,-1.24,-1.25,-1.25,-1.25,-1.24, 0.17
-1.10,-1.11,-1.12,-1.13,-1.12,-1.11, 0.63
1.78,1.83,1.87,1.89,1.85,1.80, 1.47
-1.97,-1.99,-2.00,-2.01,-2.00,-1.98, 0.86
-1.77,-1.78,-1.79,-1.79,-1.78,-1.77, 0.84
-1.59,-1.60,-1.61,-1.62,-1.61,-1.60, 0.44
-1.45,-1.46,-1.46,-1.47,-1.46,-1.45, 0.18
-1.32,-1.33,-1.34,-1.34,-1.33,-1.32, 0.19
-1.20,-1.21,-1.22,-1.22,-1.21,-1.20, 0.16
-1.05,-1.06,-1.08,-1.08,-1.07,-1.05, 0.99
1.53,1.60,1.65,1.68,1.62,1.56, 1.43
-1.91,-1.92,-1.94,-1.94,-1.93,-1.92, 0.82
-1.71,-1.73,-1.74,-1.74,-1.73,-1.72, 0.75
-1.55,-1.56,-1.57,-1.57,-1.56,-1.55, 0.26
-1.41,-1.42,-1.43,-1.43,-1.42,-1.41, 0.22
-1.29,-1.29,-1.30,-1.30,-1.30,-1.29, 0.16
-1.17,-1.17,-1.18,-1.18,-1.18,-1.17, 0.23
-0.90,-0.96,-1.00,-1.01,-0.98,-0.93, 1.29
1.01,1.22,1.34,1.38,1.28,1.13, 1.36
-1.85,-1.86,-1.88,-1.88,-1.87,-1.86, 0.77
-1.66,-1.67,-1.69,-1.69,-1.68,-1.67, 0.62
-1.51,-1.52,-1.53,-1.53,-1.52,-1.51, 0.19
-1.37,-1.38,-1.39,-1.39,-1.38,-1.38, 0.19
-1.25,-1.26,-1.27,-1.27,-1.26,-1.26, 0.16
-1.13,-1.14,-1.14,-1.15,-1.14,-1.13, 0.50
1.89,1.93,1.97,1.99,1.95,1.91, 1.47
-2.01,-2.02,-2.04,-2.04,-2.03,-2.01, 0.94
-1.79,-1.81,-1.82,-1.82,-1.81,-1.80, 0.79
-1.62,-1.63,-1.64,-1.64,-1.63,-1.62, 0.53
-1.47,-1.48,-1.49,-1.49,-1.48,-1.47, 0.18
-1.34,-1.35,-1.35,-1.36,-1.35,-1.34, 0.19
-1.22,-1.23,-1.23,-1.24,-1.23,-1.22, 0.15
-1.08,-1.09,-1.10,-1.11,-1.10,-1.09, 0.83
1.67,1.73,1.78,1.79,1.75,1.70, 1.49
-1.94,-1.96,-1.97,-1.98,-1.96,-1.95, 0.73
-1.74,-1.75,-1.76,-1.77,-1.76,-1.75, 0.80
-1.57,-1.58,-1.59,-1.60,-1.59,-1.58, 0.32
-1.43,-1.44,-1.45,-1.45,-1.44,-1.43, 0.19
-1.30,-1.31,-1.32,-1.32,-1.32,-1.31, 0.17
-1.18,-1.19,-1.20,-1.20,-1.20,-1.19, 0.16
-1.01,-1.03,-1.05,-1.05,-1.04,-1.02, 1.18
1.37,1.46,1.53,1.55,1.49,1.41, 1.42
-1.88,-1.90,-1.91,-1.91,-1.90,-1.89, 0.73
-1.69,-1.70,-1.71,-1.72,-1.71,-1.69, 0.72
-1.53,-1.54,-1.55,-1.55,-1.54,-1.53, 0.22
-1.39,-1.40,-1.41,-1.41,-1.40,-1.40, 0.19
-1.27,-1.28,-1.29,-1.29,-1.28,-1.27, 0.16
-1.15,-1.16,-1.16,-1.17,-1.16,-1.15, 0.36
1.98,0.07,-0.88,-0.92,-0.67,1.99, 1.42
-2.04,-1.27,0.97,1.10,0.56,-2.04, 1.13
-1.82,-1.84,-1.85,-1.85,-1.84,-1.83, 0.76
-1.64,-1.65,-1.66,-1.67,-1.66,-1.65, 0.61
-1.49,-1.50,-1.51,-1.51,-1.50,-1.49, 0.18
-1.36,-1.36,-1.37,-1.38,-1.37,-1.36, 0.19
-1.24,-1.24,-1.25,-1.25,-1.25,-1.24, 0.15
-1.11,-1.12,-1.13,-1.13,-1.12,-1.11, 0.70
1.79,1.84,1.88,1.90,1.86,1.81, 1.49
-1.98,-1.99,-2.01,-2.01,-2.00,-1.98, 0.76
-1.77,-1.78,-1.79,-1.80,-1.79,-1.77, 0.80
-1.59,-1.61,-1.62,-1.62,-1.61,-1.60, 0.45
-1.45,-1.46,-1.47,-1.47,-1.46,-1.45, 0.18
-1.32,-1.33,-1.34,-1.34,-1.33,-1.33, 0.18
-1.20,-1.21,-1.22,-1.22,-1.21,-1.21, 0.14
-1.05,-1.07,-1.08,-1.08,-1.07,-1.06, 1.05
1.55,1.61,1.67,1.69,1.64,1.58, 1.45
-1.91,-1.93,-1.94,-1.95,-1.93,-1.92, 0.75
-1.72,-1.73,-1.74,-1.74,-1.73,-1.72, 0.77
-1.55,-1.56,-1.57,-1.57,-1.57,-1.56, 0.27
-1.41,-1.42,-1.43,-1.43,-1.42,-1.41, 0.20
-1.29,-1.30,-1.30,-1.31,-1.30,-1.29, 0.16
-1.17,-1.18,-1.18,-1.19,-1.18,-1.17, 0.20
-0.92,-0.97,-1.00,-1.01,-0.99,-0.94, 1.32
1.09,1.26,1.36,1.40,1.31,1.17, 1.32
-1.85,-1.87,-1.88,-1.89,-1.87,-1.86, 0.74
-1.67,-1.68,-1.69,-1.69,-1.68,-1.67, 0.63
-1.51,-1.52,-1.53,-1.53,-1.52,-1.51, 0.20
-1.38,-1.38,-1.39,-1.39,-1.39,-1.38, 0.19
-1.25,-1.26,-1.27,-1.27,-1.27,-1.26, 0.15
-1.13,-1.14,-1.15,-1.15,-1.14,-1.13, 0.52
1.90,1.94,1.98,2.00,1.96,1.92, 1.48
-2.01,-2.03,-2.04,-2.05,-2.03,-2.02, 0.93
-1.80,-1.81,-1.82,-1.83,-1.82,-1.80, 0.76
-1.62,-1.63,-1.64,-1.64,-1.63,-1.62, 0.55
-1.47,-1.48,-1.49,-1.49,-1.48,-1.47, 0.19
-1.34,-1.35,-1.36,-1.36,-1.35,-1.34, 0.18
-1.22,-1.23,-1.24,-1.24,-1.23,-1.22, 0.14
-1.08,-1.09,-1.11,-1.11,-1.10,-1.09, 0.89
1.69,1.74,1.79,1.81,1.76,1.71, 1.49
-1.95,-1.96,-1.98,-1.98,-1.97,-1.95, 0.75
-1.74,-1.76,-1.77,-1.77,-1.76,-1.75, 0.76
-1.57,-1.58,-1.59,-1.60,-1.59,-1.58, 0.34
-1.43,-1.44,-1.45,-1.45,-1.44,-1.43, 0.17
-1.31,-1.31,-1.32,-1.32,-1.32,-1.31, 0.16
-1.19,-1.19,-1.20,-1.20,-1.20,-1.19, 0.15
-1.01,-1.03,-1.05,-1.06,-1.04,-1.02, 1.20
1.39,1.47,1.54,1.57,1.51,1.43, 1.43
-1.89,-1.90,-1.91,-1.92,-1.91,-1.89, 0.73
-1.69,-1.70,-1.71,-1.72,-1.71,-1.70, 0.73
-1.53,-1.54,-1.55,-1.55,-1.54,-1.54, 0.23
-1.39,-1.40,-1.41,-1.41,-1.41,-1.40, 0.18
-1.27,-1.28,-1.29,-1.29,-1.28,-1.28, 0.14
-1.15,-1.16,-1.17,-1.17,-1.16,-1.15, 0.34
1.98,-0.43,-0.91,-0.93,-0.78,1.83, 1.39
-2.04,-0.01,1.06,1.15,0.79,-2.04, 1.22
-1.83,-1.84,-1.85,-1.86,-1.85,-1.83, 0.70
-1.64,-1.65,-1.67,-1.67,-1.66,-1.65, 0.65
-1.49,-1.50,-1.51,-1.51,-1.50,-1.49, 0.18
-1.36,-1.37,-1.37,-1.38,-1.37,-1.36, 0.18
-1.24,-1.25,-1.25,-1.26,-1.25,-1.24, 0.13
-1.11,-1.12,-1.13,-1.13,-1.12,-1.11, 0.71
1.80,1.85,1.89,1.91,1.87,1.82, 1.50
-1.98,-2.00,-2.01,-2.02,-2.00,-1.99, 0.79
-1.77,-1.78,-1.80,-1.80,-1.79,-1.78, 0.81
-1.60,-1.61,-1.62,-1.62,-1.61,-1.60, 0.43
-1.45,-1.46,-1.47,-1.47,-1.46,-1.45, 0.17
-1.32,-1.33,-1.34,-1.34,-1.33,-1.33, 0.16
-1.20,-1.21,-1.22,-1.22,-1.22,-1.21, 0.13
-1.05,-1.07,-1.08,-1.09,-1.07,-1.06, 1.10
1.56,1.62,1.68,1.70,1.65,1.59, 1.47
-1.92,-1.93,-1.95,-1.95,-1.94,-1.92, 0.73
-1.72,-1.73,-1.74,-1.75,-1.74,-1.72, 0.78
-1.55,-1.56,-1.57,-1.58,-1.57,-1.56, 0.28
-1.41,-1.42,-1.43,-1.43,-1.43,-1.42, 0.17
-1.29,-1.30,-1.30,-1.31,-1.30,-1.29, 0.14
-1.17,-1.18,-1.19,-1.19,-1.18,-1.17, 0.18
-0.93,-0.98,-1.01,-1.02,-0.99,-0.96, 1.34
1.14,1.28,1.38,1.42,1.33,1.21, 1.32
-1.86,-1.87,-1.88,-1.89,-1.88,-1.86, 0.70
-1.67,-1.68,-1.69,-1.70,-1.68,-1.67, 0.66
-1.51,-1.52,-1.53,-1.53,-1.52,-1.52, 0.21
-1.38,-1.38,-1.39,-1.40,-1.39,-1.38, 0.16
-1.26,-1.26,-1.27,-1.27,-1.27,-1.26, 0.13
-1.13,-1.14,-1.15,-1.15,-1.14,-1.14, 0.51
1.91,1.95,1.99,2.00,1.97,1.93, 1.46
-2.02,-2.03,-2.05,-2.05,-2.04,-2.02, 0.88
-1.80,-1.81,-1.83,-1.83,-1.82,-1.81, 0.77
-1.62,-1.63,-1.64,-1.65,-1.64,-1.63, 0.57
-1.47,-1.48,-1.49,-1.49,-1.48,-1.48, 0.16
-1.34,-1.35,-1.36,-1.36,-1.35,-1.35, 0.16
-1.22,-1.23,-1.24,-1.24,-1.23,-1.23, 0.13
-1.09,-1.10,-1.11,-1.11,-1.10,-1.09, 0.94
1.70,1.75,1.80,1.82,1.77,1.72, 1.49
-1.95,-1.96,-1.98,-1.98,-1.97,-1.96, 0.71
-1.75,-1.76,-1.77,-1.77,-1.76,-1.75, 0.83
-1.58,-1.59,-1.60,-1.60,-1.59,-1.58, 0.36
-1.43,-1.44,-1.45,-1.45,-1.45,-1.44, 0.15
-1.31,-1.32,-1.32,-1.33,-1.32,-1.31, 0.14
-1.19,-1.20,-1.20,-1.21,-1.20,-1.19, 0.14
-1.02,-1.04,-1.05,-1.06,-1.04,-1.03, 1.26
1.41,1.49,1.56,1.58,1.52,1.45, 1.40
-1.89,-1.90,-1.92,-1.92,-1.91,-1.89, 0.71
-1.69,-1.71,-1.72,-1.72,-1.71,-1.70, 0.76
-1.53,-1.54,-1.55,-1.56,-1.55,-1.54, 0.22
-1.40,-1.40,-1.41,-1.42,-1.41,-1.40, 0.17
-1.27,-1.28,-1.29,-1.29,-1.28,-1.28, 0.13
-1.15,-1.16,-1.17,-1.17,-1.16,-1.16, 0.33
1.99,-0.65,-0.92,-0.95,-0.86,0.64, 1.43
-2.04,0.53,1.11,1.18,0.92,-1.90, 1.10
-1.83,-1.84,-1.86,-1.86,-1.85,-1.84, 0.72
-1.65,-1.66,-1.67,-1.67,-1.66,-1.65, 0.68
-1.49,-1.50,-1.51,-1.51,-1.51,-1.50, 0.17
-1.36,-1.37,-1.38,-1.38,-1.37,-1.36, 0.16
-1.24,-1.25,-1.26,-1.26,-1.25,-1.24, 0.13
-1.11,-1.12,-1.13,-1.13,-1.12,-1.11, 0.67
1.81,1.86,1.90,1.92,1.88,1.83, 1.48
-1.98,-2.00,-2.01,-2.02,-2.01,-1.99, 0.79
-1.77,-1.79,-1.80,-1.80,-1.79,-1.78, 0.76
-1.60,-1.61,-1.62,-1.62,-1.61,-1.60, 0.54
-1.45,-1.46,-1.47,-1.47,-1.47,-1.46, 0.15
-1.33,-1.33,-1.34,-1.34,-1.34,-1.33, 0.15
-1.21,-1.21,-1.22,-1.22,-1.22,-1.21, 0.13
-1.06,-1.07,-1.08,-1.09,-1.08,-1.06, 1.10
1.58,1.64,1.69,1.71,1.66,1.60, 1.46
-1.92,-1.93,-1.95,-1.95,-1.94,-1.93, 0.72
-1.72,-1.73,-1.74,-1.75,-1.74,-1.73, 0.86
-1.56,-1.57,-1.58,-1.58,-1.57,-1.56, 0.25
-1.42,-1.42,-1.43,-1.43,-1.43,-1.42, 0.16
-1.29,-1.30,-1.31,-1.31,-1.30,-1.29, 0.13
-1.17,-1.18,-1.19,-1.19,-1.18,-1.17, 0.19
-0.95,-0.99,-1.01,-1.02,-1.00,-0.97, 1.34
1.18,1.31,1.40,1.44,1.35,1.24, 1.31
-1.86,-1.87,-1.89,-1.89,-1.88,-1.87, 0.70
-1.67,-1.68,-1.69,-1.70,-1.69,-1.68, 0.71
-1.51,-1.52,-1.53,-1.54,-1.53,-1.52, 0.18
-1.38,-1.39,-1.39,-1.40,-1.39,-1.38, 0.16
-1.26,-1.27,-1.27,-1.28,-1.27,-1.26, 0.13
-1.13,-1.14,-1.15,-1.15,-1.15,-1.14, 0.49
1.92,1.96,2.00,1.56,1.98,1.94, 1.47
-2.02,-2.03,-2.05,-2.05,-2.04,-2.03, 0.97
-1.80,-1.82,-1.83,-1.83,-1.82,-1.81, 0.72
-1.62,-1.63,-1.64,-1.65,-1.64,-1.63, 0.63
-1.47,-1.48,-1.49,-1.49,-1.49,-1.48, 0.15
-1.34,-1.35,-1.36,-1.36,-1.35,-1.35, 0.15
-1.22,-1.23,-1.24,-1.24,-1.24,-1.23, 0.12
-1.09,-1.10,-1.11,-1.11,-1.10,-1.09, 0.86
1.71,1.76,1.81,1.83,1.78,1.73, 1.49
-1.95,-1.97,-1.98,-1.99,-1.97,-1.96, 0.70
-1.75,-1.76,-1.77,-1.78,-1.77,-1.75, 0.80
-1.58,-1.59,-1.60,-1.60,-1.59,-1.58, 0.42
-1.43,-1.44,-1.45,-1.45,-1.45,-1.44, 0.15
-1.31,-1.32,-1.32,-1.33,-1.32,-1.31, 0.14
-1.19,-1.20,-1.21,-1.21,-1.20,-1.19, 0.14
-1.02,-1.04,-1.06,-1.06,-1.05,-1.03, 1.17
1.43,1.50,1.57,1.59,1.54,1.46, 1.46
-1.89,-1.90,-1.92,-1.92,-1.91,-1.90, 0.63
-1.70,-1.71,-1.72,-1.72,-1.71,-1.70, 0.84
-1.54,-1.54,-1.55,-1.56,-1.55,-1.54, 0.19
-1.40,-1.41,-1.41,-1.42,-1.41,-1.40, 0.16
-1.28,-1.28,-1.29,-1.29,-1.29,-1.28, 0.12
-1.15,-1.16,-1.17,-1.17,-1.17,-1.16, 0.32
1.75,-0.78,-0.94,-0.96,-0.90,-0.20, 1.43
-2.04,0.78,1.16,1.22,1.02,-0.63, 1.16
-1.83,-1.85,-1.86,-1.86,-1.85,-1.84, 0.71
-1.65,-1.66,-1.67,-1.67,-1.66,-1.65, 0.68
-1.49,-1.50,-1.51,-1.52,-1.51,-1.50, 0.15
-1.36,-1.37,-1.38,-1.38,-1.37,-1.37, 0.15
-1.24,-1.25,-1.26,-1.26,-1.25,-1.25, 0.12
-1.11,-1.12,-1.13,-1.14,-1.13,-1.12, 0.65
1.82,1.87,1.91,1.93,1.89,1.84, 1.50
-1.99,-2.00,-2.02,-2.02,-2.01,-1.99, 0.81
-1.78,-1.79,-1.80,-1.81,-1.79,-1.78, 0.76
-1.60,-1.61,-1.62,-1.63,-1.62,-1.61, 0.51
-1.45,-1.46,-1.47,-1.48,-1.47,-1.46, 0.15
-1.33,-1.33,-1.34,-1.35,-1.34,-1.33, 0.13
-1.21,-1.22,-1.22,-1.23,-1.22,-1.21, 0.13
-1.06,-1.07,-1.09,-1.09,-1.08,-1.07, 1.02
1.59,1.65,1.70,1.72,1.67,1.62, 1.52
-1.92,-1.94,-1.95,-1.96,-1.94,-1.93, 0.61
-1.72,-1.74,-1.75,-1.75,-1.74,-1.73, 0.85
-1.56,-1.57,-1.58,-1.58,-1.57,-1.56, 0.27
-1.42,-1.43,-1.43,-1.44,-1.43,-1.42, 0.15
-1.29,-1.30,-1.31,-1.31,-1.30,-1.30, 0.12
-1.17,-1.18,-1.19,-1.19,-1.18,-1.18, 0.18
-0.96,-0.99,-1.02,-1.03,-1.01,-0.98, 1.27
1.21,1.33,1.42,1.45,1.38,1.27, 1.42
-1.86,-1.88,-1.89,-1.89,-1.88,-1.87, 0.61
-1.67,-1.68,-1.70,-1.70,-1.69,-1.68, 0.76
-1.52,-1.52,-1.53,-1.54,-1.53,-1.52, 0.17
-1.38,-1.39,-1.40,-1.40,-1.39,-1.38, 0.14
-1.26,-1.27,-1.27,-1.28,-1.27,-1.26, 0.12
-1.14,-1.14,-1.15,-1.16,-1.15,-1.14, 0.47
1.93,1.97,1.97,0.26,1.99,1.95, 1.46
-2.02,-2.04,-2.05,-1.70,-2.04,-2.03, 0.97
-1.81,-1.82,-1.83,-1.84,-1.82,-1.81, 0.73
-1.63,-1.64,-1.65,-1.65,-1.64,-1.63, 0.61
-1.48,-1.48,-1.49,-1.50,-1.49,-1.48, 0.14
-1.35,-1.35,-1.36,-1.36,-1.36,-1.35, 0.14
-1.23,-1.23,-1.24,-1.24,-1.24,-1.23, 0.12
-1.09,-1.10,-1.11,-1.12,-1.11,-1.10, 0.83
1.72,1.77,1.82,1.84,1.79,1.74, 1.51
-1.96,-1.97,-1.99,-1.99,-1.98,-1.96, 0.69
-1.75,-1.76,-1.78,-1.78,-1.77,-1.76, 0.80
-1.58,-1.59,-1.60,-1.60,-1.60,-1.58, 0.40
-1.44,-1.45,-1.45,-1.46,-1.45,-1.44, 0.14
-1.31,-1.32,-1.33,-1.33,-1.32,-1.31, 0.13
-1.19,-1.20,-1.21,-1.21,-1.20,-1.20, 0.14
-1.03,-1.04,-1.06,-1.06,-1.05,-1.03, 1.13
1.45,1.52,1.59,1.61,1.55,1.48, 1.51
-1.89,-1.91,-1.92,-1.93,-1.91,-1.90, 0.60
-1.70,-1.71,-1.72,-1.73,-1.72,-1.70, 0.81
-1.54,-1.55,-1.56,-1.56,-1.55,-1.54, 0.22
-1.40,-1.41,-1.42,-1.42,-1.41,-1.40, 0.15
-1.28,-1.28,-1.29,-1.29,-1.29,-1.28, 0.12
-1.16,-1.16,-1.17,-1.18,-1.17,-1.16, 0.29
0.47,-0.86,-0.95,-0.97,-0.92,-0.56, 1.35
-1.81,0.92,1.20,1.25,1.09,0.33, 1.34
-1.84,-1.85,-1.86,-1.87,-1.85,-1.84, 0.69
-1.65,-1.66,-1.67,-1.68,-1.67,-1.66, 0.68
-1.50,-1.51,-1.51,-1.52,-1.51,-1.50, 0.15
-1.36,-1.37,-1.38,-1.38,-1.38,-1.37, 0.14
-1.24,-1.25,-1.26,-1.26,-1.25,-1.25, 0.12
-1.12,-1.12,-1.13,-1.14,-1.13,-1.12, 0.62
1.83,1.88,1.92,1.94,1.90,1.85, 1.48
-1.99,-2.01,-2.02,-2.03,-2.01,-2.00, 0.88
-1.78,-1.79,-1.80,-1.81,-1.80,-1.78, 0.74
-1.60,-1.61,-1.62,-1.63,-1.62,-1.61, 0.52
-1.46,-1.47,-1.47,-1.48,-1.47,-1.46, 0.14
-1.33,-1.34,-1.34,-1.35,-1.34,-1.33, 0.13
-1.21,-1.22,-1.23,-1.23,-1.22,-1.21, 0.13
-1.06,-1.08,-1.09,-1.09,-1.08,-1.07, 0.99
1.60,1.66,1.71,1.73,1.69,1.63, 1.54
-1.93,-1.94,-1.95,-1.96,-1.95,-1.93, 0.64
-1.73,-1.74,-1.75,-1.75,-1.74,-1.73, 0.80
-1.56,-1.57,-1.58,-1.58,-1.57,-1.56, 0.29
-1.42,-1.43,-1.44,-1.44,-1.43,-1.42, 0.14
-1.29,-1.30,-1.31,-1.31,-1.31,-1.30, 0.13
-1.17,-1.18,-1.19,-1.19,-1.19,-1.18, 0.16
-0.97,-1.00,-1.02,-1.03,-1.01,-0.98, 1.22
1.24,1.35,1.44,1.47,1.39,1.29, 1.49
-1.87,-1.88,-1.89,-1.90,-1.89,-1.87, 0.61
-1.68,-1.69,-1.70,-1.70,-1.69,-1.68, 0.74
-1.52,-1.53,-1.54,-1.54,-1.53,-1.52, 0.18
-1.38,-1.39,-1.40,-1.40,-1.39,-1.39, 0.14
-1.26,-1.27,-1.28,-1.28,-1.27,-1.26, 0.12
-1.14,-1.15,-1.15,-1.16,-1.15,-1.14, 0.45
1.94,1.98,1.23,-0.37,1.99,1.95, 1.42
-2.03,-2.04,-2.02,-0.26,-2.04,-2.03, 1.18
-1.81,-1.82,-1.83,-1.84,-1.83,-1.81, 0.72
-1.63,-1.64,-1.65,-1.65,-1.64,-1.63, 0.60
-1.48,-1.49,-1.50,-1.50,-1.49,-1.48, 0.14
-1.35,-1.35,-1.36,-1.37,-1.36,-1.35, 0.14
-1.23,-1.24,-1.24,-1.25,-1.24,-1.23, 0.13
-1.09,-1.10,-1.11,-1.12,-1.11,-1.10, 0.80
1.73,1.78,1.83,1.85,1.80,1.75, 1.49
-1.96,-1.97,-1.99,-1.99,-1.98,-1.97, 0.79
-1.75,-1.77,-1.78,-1.78,-1.77,-1.76, 0.79
-1.58,-1.59,-1.60,-1.61,-1.60,-1.59, 0.41
-1.44,-1.45,-1.46,-1.46,-1.45,-1.44, 0.13
-1.31,-1.32,-1.33,-1.33,-1.32,-1.32, 0.14
-1.19,-1.20,-1.21,-1.21,-1.20,-1.20, 0.13
-1.03,-1.05,-1.06,-1.07,-1.05,-1.04, 1.11
1.47,1.54,1.60,1.62,1.56,1.50, 1.54
-1.90,-1.91,-1.93,-1.93,-1.92,-1.90, 0.60
-1.70,-1.71,-1.73,-1.73,-1.72,-1.71, 0.80
-1.54,-1.55,-1.56,-1.56,-1.55,-1.54, 0.22
-1.40,-1.41,-1.42,-1.42,-1.41,-1.40, 0.15
-1.28,-1.29,-1.29,-1.30,-1.29,-1.28, 0.13
-1.16,-1.17,-1.17,-1.18,-1.17,-1.16, 0.26
-0.27,-0.90,-0.96,-0.98,-0.93,-0.72, 1.30
-0.44,1.02,1.23,1.28,1.14,0.67, 1.42
-1.84,-1.85,-1.86,-1.87,-1.86,-1.84, 0.69
-1.65,-1.66,-1.68,-1.68,-1.67,-1.66, 0.67
-1.50,-1.51,-1.52,-1.52,-1.51,-1.50, 0.14
-1.37,-1.37,-1.38,-1.38,-1.38,-1.37, 0.14
-1.25,-1.25,-1.26,-1.26,-1.26,-1.25, 0.13
-1.12,-1.13,-1.14,-1.14,-1.13,-1.12, 0.59
1.84,1.89,1.93,1.95,1.91,1.86, 1.44
-1.99,-2.01,-2.02,-2.03,-2.02,-2.00, 1.04
-1.78,-1.79,-1.81,-1.81,-1.80,-1.79, 0.74
-1.61,-1.62,-1.63,-1.63,-1.62,-1.61, 0.53
-1.46,-1.47,-1.48,-1.48,-1.47,-1.46, 0.14
-1.33,-1.34,-1.35,-1.35,-1.34,-1.33, 0.14
-1.21,-1.22,-1.23,-1.23,-1.22,-1.21, 0.12
-1.07,-1.08,-1.09,-1.10,-1.09,-1.07, 0.98
1.62,1.67,1.73,1.75,1.70,1.64, 1.49
-1.93,-1.94,-1.96,-1.96,-1.95,-1.94, 0.76
-1.73,-1.74,-1.75,-1.76,-1.75,-1.73, 0.80
-1.56,-1.57,-1.58,-1.59,-1.58,-1.57, 0.30
-1.42,-1.43,-1.44,-1.44,-1.43,-1.42, 0.14
-1.30,-1.30,-1.31,-1.31,-1.31,-1.30, 0.13
-1.18,-1.18,-1.19,-1.20,-1.19,-1.18, 0.16
-0.98,-1.01,-1.03,-1.03,-1.02,-0.99, 1.20
1.27,1.37,1.46,1.49,1.41,1.32, 1.51
-1.87,-1.88,-1.90,-1.90,-1.89,-1.87, 0.62
-1.68,-1.69,-1.70,-1.71,-1.69,-1.68, 0.76
-1.52,-1.53,-1.54,-1.54,-1.53,-1.52, 0.18
-1.38,-1.39,-1.40,-1.40,-1.40,-1.39, 0.14
-1.26,-1.27,-1.28,-1.28,-1.27,-1.27, 0.13
-1.14,-1.15,-1.16,-1.16,-1.15,-1.14, 0.42
1.95,1.98,-0.02,-0.65,1.99,1.96, 1.37
-2.03,-2.04,-1.08,0.45,-2.04,-2.04, 1.31
-1.81,-1.82,-1.84,-1.84,-1.83,-1.82, 0.72
-1.63,-1.64,-1.65,-1.66,-1.65,-1.64, 0.62
-1.48,-1.49,-1.50,-1.50,-1.49,-1.48, 0.14
-1.35,-1.36,-1.36,-1.37,-1.36,-1.35, 0.15
-1.23,-1.24,-1.24,-1.25,-1.24,-1.23, 0.12
-1.10,-1.11,-1.12,-1.12,-1.11,-1.10, 0.78
1.74,1.79,1.84,1.86,1.81,1.76, 1.45
-1.96,-1.98,-1.99,-2.00,-1.98,-1.97, 0.92
-1.76,-1.77,-1.78,-1.79,-1.77,-1.76, 0.79
-1.59,-1.60,-1.61,-1.61,-1.60,-1.59, 0.42
-1.44,-1.45,-1.46,-1.46,-1.45,-1.44, 0.13
-1.31,-1.32,-1.33,-1.33,-1.33,-1.32, 0.15
-1.20,-1.20,-1.21,-1.21,-1.21,-1.20, 0.13
-1.03,-1.05,-1.07,-1.07,-1.06,-1.04, 1.10
1.48,1.55,1.61,1.63,1.58,1.51, 1.50
-1.90,-1.91,-1.93,-1.93,-1.92,-1.91, 0.72
-1.70,-1.72,-1.73,-1.73,-1.72,-1.71, 0.81
-1.54,-1.55,-1.56,-1.56,-1.56,-1.55, 0.22
-1.40,-1.41,-1.42,-1.42,-1.42,-1.41, 0.15
-1.28,-1.29,-1.30,-1.30,-1.29,-1.28, 0.13
-1.16,-1.17,-1.18,-1.18,-1.17,-1.16, 0.24
-0.57,-0.92,-0.97,-0.98,-0.95,-0.82, 1.30
0.35,1.09,1.26,1.30,1.18,0.85, 1.40
-1.84,-1.85,-1.87,-1.87,-1.86,-1.85, 0.72
-1.66,-1.67,-1.68,-1.68,-1.67,-1.66, 0.69
-1.50,-1.51,-1.52,-1.52,-1.51,-1.50, 0.15
-1.37,-1.38,-1.38,-1.39,-1.38,-1.37, 0.15
-1.25,-1.25,-1.26,-1.26,-1.26,-1.25, 0.12
-1.12,-1.13,-1.14,-1.14,-1.13,-1.12, 0.58
1.85,1.90,1.94,1.96,1.92,1.87, 1.40
-2.00,-2.01,-2.03,-2.03,-2.02,-2.00, 1.17
-1.78,-1.80,-1.81,-1.81,-1.80,-1.79, 0.74
-1.61,-1.62,-1.63,-1.63,-1.62,-1.61, 0.54
-1.46,-1.47,-1.48,-1.48,-1.47,-1.46, 0.14
-1.33,-1.34,-1.35,-1.35,-1.34,-1.34, 0.15
-1.21,-1.22,-1.23,-1.23,-1.22,-1.22, 0.12
-1.07,-1.08,-1.09,-1.10,-1.09,-1.08, 0.97
1.63,1.69,1.74,1.76,1.71,1.65, 1.45
-1.93,-1.95,-1.96,-1.97,-1.95,-1.94, 0.87
-1.73,-1.74,-1.76,-1.76,-1.75,-1.74, 0.81
-1.56,-1.57,-1.58,-1.59,-1.58,-1.57, 0.31
-1.42,-1.43,-1.44,-1.44,-1.43,-1.43, 0.15
-1.30,-1.31,-1.31,-1.32,-1.31,-1.30, 0.13
-1.18,-1.19,-1.19,-1.20,-1.19,-1.18, 0.15
-0.98,-1.01,-1.03,-1.04,-1.02,-1.00, 1.19
1.30,1.39,1.47,1.50,1.43,1.34, 1.48
-1.87,-1.89,-1.90,-1.90,-1.89,-1.88, 0.70
-1.68,-1.69,-1.70,-1.71,-1.70,-1.69, 0.76
-1.52,-1.53,-1.54,-1.54,-1.54,-1.53, 0.18
-1.39,-1.39,-1.40,-1.41,-1.40,-1.39, 0.16
-1.26,-1.27,-1.28,-1.28,-1.28,-1.27, 0.13
-1.14,-1.15,-1.16,-1.16,-1.15,-1.14, 0.40
1.96,1.99,-0.47,-0.77,1.73,1.97, 1.36
-2.03,-2.04,0.10,0.75,-2.04,-2.04, 1.31
-1.81,-1.83,-1.84,-1.84,-1.83,-1.82, 0.75
-1.63,-1.64,-1.65,-1.66,-1.65,-1.64, 0.63
-1.48,-1.49,-1.50,-1.50,-1.49,-1.48, 0.14
-1.35,-1.36,-1.37,-1.37,-1.36,-1.35, 0.16
-1.23,-1.24,-1.25,-1.25,-1.24,-1.23, 0.12
-1.10,-1.11,-1.12,-1.12,-1.11,-1.10, 0.77
1.75,1.80,1.85,1.87,1.82,1.78, 1.44
-1.97,-1.98,-2.00,-2.00,-1.99,-1.97, 1.01
-1.76,-1.77,-1.78,-1.79,-1.78,-1.76, 0.80
-1.59,-1.60,-1.61,-1.61,-1.60,-1.59, 0.42
-1.44,-1.45,-1.46,-1.46,-1.45,-1.45, 0.15
-1.32,-1.32,-1.33,-1.33,-1.33,-1.32, 0.14
-1.20,-1.20,-1.21,-1.22,-1.21,-1.20, 0.12
-1.04,-1.05,-1.07,-1.07,-1.06,-1.05, 1.08
1.50,1.56,1.62,1.65,1.59,1.53, 1.45
-1.90,-1.92,-1.93,-1.94,-1.92,-1.91, 0.82
-1.71,-1.72,-1.73,-1.73,-1.72,-1.71, 0.81
-1.54,-1.55,-1.56,-1.57,-1.56,-1.55, 0.23
-1.40,-1.41,-1.42,-1.42,-1.42,-1.41, 0.16
-1.28,-1.29,-1.30,-1.30,-1.29,-1.29, 0.13
-1.16,-1.17,-1.18,-1.18,-1.17,-1.16, 0.23
-0.72,-0.93,-0.98,-0.99,-0.96,-0.88, 1.28
0.68,1.14,1.28,1.33,1.21,0.97, 1.39
-1.84,-1.86,-1.87,-1.88,-1.86,-1.85, 0.76
-1.66,-1.67,-1.68,-1.68,-1.67,-1.66, 0.68
-1.50,-1.51,-1.52,-1.52,-1.52,-1.51, 0.15
-1.37,-1.38,-1.38,-1.39,-1.38,-1.37, 0.16
-1.25,-1.26,-1.26,-1.27,-1.26,-1.25, 0.12
-1.12,-1.13,-1.14,-1.14,-1.14,-1.13, 0.56
1.86,1.91,1.95,1.97,1.93,1.88, 1.40
-2.00,-2.02,-2.03,-2.04,-2.02,-2.01, 1.19
-1.79,-1.80,-1.81,-1.82,-1.81,-1.79, 0.74
-1.61,-1.62,-1.63,-1.64,-1.63,-1.62, 0.54
-1.46,-1.47,-1.48,-1.48,-1.48,-1.47, 0.15
-1.33,-1.34,-1.35,-1.35,-1.35,-1.34, 0.15
-1.22,-1.22,-1.23,-1.23,-1.23,-1.22, 0.12
-1.07,-1.09,-1.10,-1.10,-1.09,-1.08, 0.96
1.64,1.70,1.75,1.77,1.72,1.67, 1.46
-1.94,-1.95,-1.96,-1.97,-1.96,-1.94, 0.90
-1.73,-1.75,-1.76,-1.76,-1.75,-1.74, 0.81
-1.57,-1.58,-1.59,-1.59,-1.58,-1.57, 0.32
-1.42,-1.43,-1.44,-1.44,-1.44,-1.43, 0.15
-1.30,-1.31,-1.32,-1.32,-1.31,-1.30, 0.13
-1.18,-1.19,-1.20,-1.20,-1.19,-1.18, 0.15
-0.99,-1.02,-1.04,-1.04,-1.03,-1.00, 1.17
1.32,1.41,1.49,1.52,1.45,1.36, 1.44
-1.87,-1.89,-1.90,-1.91,-1.89,-1.88, 0.76
-1.68,-1.69,-1.71,-1.71,-1.70,-1.69, 0.77
-1.52,-1.53,-1.54,-1.55,-1.54,-1.53, 0.19
-1.39,-1.40,-1.40,-1.41,-1.40,-1.39, 0.17
-1.27,-1.27,-1.28,-1.28,-1.28,-1.27, 0.12
-1.14,-1.15,-1.16,-1.16,-1.16,-1.15, 0.38
1.97,1.99,-0.67,-0.85,0.47,1.98, 1.35
-2.04,-2.04,0.56,0.91,-1.78,-2.04, 1.32
-1.82,-1.83,-1.84,-1.85,-1.84,-1.82, 0.76
-1.64,-1.65,-1.66,-1.66,-1.65,-1.64, 0.63
-1.48,-1.49,-1.50,-1.50,-1.50,-1.49, 0.15
-1.35,-1.36,-1.37,-1.37,-1.36,-1.36, 0.15
-1.23,-1.24,-1.25,-1.25,-1.24,-1.24, 0.12
-1.10,-1.11,-1.12,-1.12,-1.12,-1.11, 0.74
1.77,1.81,1.86,1.88,1.83,1.79, 1.43
-1.97,-1.98,-2.00,-2.00,-1.99,-1.98, 1.02
-1.76,-1.77,-1.79,-1.79,-1.78,-1.77, 0.78
-1.59,-1.60,-1.61,-1.61,-1.60,-1.59, 0.43
-1.44,-1.45,-1.46,-1.46,-1.46,-1.45, 0.15
-1.32,-1.33,-1.33,-1.34,-1.33,-1.32, 0.14
-1.20,-1.21,-1.21,-1.22,-1.21,-1.20, 0.12
-1.04,-1.06,-1.07,-1.08,-1.06,-1.05, 1.07
1.51,1.58,1.64,1.66,1.61,1.54, 1.45
-1.91,-1.92,-1.93,-1.94,-1.93,-1.91, 0.83
-1.71,-1.72,-1.73,-1.74,-1.73,-1.71, 0.80
-1.55,-1.56,-1.57,-1.57,-1.56,-1.55, 0.25
-1.41,-1.42,-1.42,-1.43,-1.42,-1.41, 0.16
-1.28,-1.29,-1.30,-1.30,-1.29,-1.29, 0.12
-1.16,-1.17,-1.18,-1.18,-1.18,-1.17, 0.22
-0.82,-0.95,-0.99,-1.00,-0.97,-0.91, 1.27
0.86,1.18,1.31,1.35,1.24,1.06, 1.39
-1.85,-1.86,-1.87,-1.88,-1.87,-1.85, 0.76
-1.66,-1.67,-1.68,-1.69,-1.68,-1.67, 0.69
-1.50,-1.51,-1.52,-1.53,-1.52,-1.51, 0.16
-1.37,-1.38,-1.39,-1.39,-1.38,-1.37, 0.15
-1.25,-1.26,-1.27,-1.27,-1.26,-1.25, 0.12
-1.12,-1.13,-1.14,-1.15,-1.14,-1.13, 0.54
1.87,1.92,1.96,1.98,1.94,1.89, 1.39
-2.00,-2.02,-2.03,-2.04,-2.03,-2.01, 1.20
-1.79,-1.80,-1.82,-1.82,-1.81,-1.80, 0.75
-1.61,-1.62,-1.63,-1.64,-1.63,-1.62, 0.53
-1.46,-1.47,-1.48,-1.49,-1.48,-1.47, 0.15
-1.34,-1.34,-1.35,-1.35,-1.35,-1.34, 0.14
-1.22,-1.22,-1.23,-1.23,-1.23,-1.22, 0.12
-1.08,-1.09,-1.10,-1.10,-1.09,-1.08, 0.94
1.66,1.71,1.76,1.78,1.73,1.68, 1.46
-1.94,-1.95,-1.97,-1.97,-1.96,-1.94, 0.89
-1.74,-1.75,-1.76,-1.76,-1.75,-1.74, 0.85
-1.57,-1.58,-1.59,-1.59,-1.58,-1.57, 0.30
-1.43,-1.43,-1.44,-1.45,-1.44,-1.43, 0.15
-1.30,-1.31,-1.32,-1.32,-1.31,-1.30, 0.13
-1.18,-1.19,-1.20,-1.20,-1.19,-1.19, 0.14
-1.00,-1.02,-1.04,-1.05,-1.03,-1.01, 1.15
1.34,1.43,1.51,1.53,1.47,1.38, 1.45
-1.88,-1.89,-1.91,-1.91,-1.90,-1.88, 0.77
-1.69,-1.70,-1.71,-1.71,-1.70,-1.69, 0.81
-1.53,-1.54,-1.54,-1.55,-1.54,-1.53, 0.19
-1.39,-1.40,-1.41,-1.41,-1.40,-1.39, 0.15
-1.27,-1.28,-1.28,-1.29,-1.28,-1.27, 0.12
-1.15,-1.15,-1.16,-1.17,-1.16,-1.15, 0.37
1.97,1.73,-0.78,-0.89,-0.32,1.98, 1.35
-2.04,-2.04,0.79,1.02,-0.30,-2.04, 1.32
-1.82,-1.83,-1.85,-1.85,-1.84,-1.83, 0.77
-1.64,-1.65,-1.66,-1.66,-1.65,-1.64, 0.64
-1.49,-1.49,-1.50,-1.51,-1.50,-1.49, 0.16
-1.35,-1.36,-1.37,-1.37,-1.37,-1.36, 0.14
-1.23,-1.24,-1.25,-1.25,-1.25,-1.24, 0.12
-1.10,-1.11,-1.12,-1.13,-1.12,-1.11, 0.72
1.78,1.82,1.87,1.89,1.84,1.80, 1.42
-1.97,-1.99,-2.00,-2.01,-1.99,-1.98, 1.03
-1.76,-1.78,-1.79,-1.79,-1.78,-1.77, 0.81
-1.59,-1.60,-1.61,-1.62,-1.61,-1.60, 0.41
-1.45,-1.45,-1.46,-1.47,-1.46,-1.45, 0.14
-1.32,-1.33,-1.33,-1.34,-1.33,-1.32, 0.13
-1.20,-1.21,-1.22,-1.22,-1.21,-1.20, 0.12
-1.05,-1.06,-1.07,-1.08,-1.07,-1.05, 1.07
1.53,1.59,1.65,1.67,1.62,1.56, 1.46
-1.91,-1.92,-1.94,-1.94,-1.93,-1.92, 0.84
-1.71,-1.72,-1.74,-1.74,-1.73,-1.72, 0.88
-1.55,-1.56,-1.57,-1.57,-1.56,-1.55, 0.22
-1.41,-1.42,-1.43,-1.43,-1.42,-1.41, 0.15
-1.29,-1.29,-1.30,-1.30,-1.30,-1.29, 0.12
-1.16,-1.17,-1.18,-1.18,-1.18,-1.17, 0.20
-0.88,-0.96,-0.99,-1.00,-0.98,-0.92, 1.26
0.97,1.21,1.33,1.37,1.27,1.11, 1.40
-1.85,-1.86,-1.88,-1.88,-1.87,-1.86, 0.77
-1.66,-1.67,-1.68,-1.69,-1.68,-1.67, 0.69
-1.51,-1.52,-1.52,-1.53,-1.52,-1.51, 0.17
-1.37,-1.38,-1.39,-1.39,-1.38,-1.38, 0.14
-1.25,-1.26,-1.27,-1.27,-1.26,-1.26, 0.12
-1.13,-1.14,-1.14,-1.15,-1.14,-1.13, 0.53
1.88,1.93,1.97,1.99,1.95,1.90, 1.39
-2.01,-2.02,-2.04,-2.04,-2.03,-2.01, 1.22
-1.79,-1.81,-1.82,-1.82,-1.81,-1.80, 0.76
-1.62,-1.63,-1.64,-1.64,-1.63,-1.62, 0.56
-1.47,-1.48,-1.48,-1.49,-1.48,-1.47, 0.14
-1.34,-1.35,-1.35,-1.36,-1.35,-1.34, 0.14
-1.22,-1.23,-1.23,-1.24,-1.23,-1.22, 0.12
-1.08,-1.09,-1.10,-1.11,-1.10,-1.08, 0.92
1.67,1.72,1.77,1.79,1.74,1.69, 1.45
-1.94,-1.96,-1.97,-1.98,-1.96,-1.95, 0.90
-1.74,-1.75,-1.76,-1.77,-1.76,-1.74, 0.86
-1.57,-1.58,-1.59,-1.59,-1.59,-1.58, 0.30
-1.43,-1.44,-1.45,-1.45,-1.44,-1.43, 0.14
-1.30,-1.31,-1.32,-1.32,-1.31,-1.31, 0.13
-1.18,-1.19,-1.20,-1.20,-1.20,-1.19, 0.14
-1.00,-1.03,-1.04,-1.05,-1.04,-1.01, 1.15
1.36,1.45,1.52,1.55,1.48,1.40, 1.45
-1.88,-1.89,-1.91,-1.91,-1.90,-1.89, 0.77
-1.69,-1.70,-1.71,-1.72,-1.71,-1.69, 0.83
-1.53,-1.54,-1.55,-1.55,-1.54,-1.53, 0.20
-1.39,-1.40,-1.41,-1.41,-1.40,-1.39, 0.15
-1.27,-1.28,-1.28,-1.29,-1.28,-1.27, 0.12
-1.15,-1.16,-1.16,-1.17,-1.16,-1.15, 0.35
1.98,0.47,-0.86,-0.91,-0.60,1.99, 1.35
-2.04,-1.81,0.92,1.08,0.41,-2.04, 1.33
-1.82,-1.84,-1.85,-1.85,-1.84,-1.83, 0.77
-1.64,-1.65,-1.66,-1.67,-1.66,-1.64, 0.66
-1.49,-1.50,-1.51,-1.51,-1.50,-1.49, 0.15
-1.36,-1.36,-1.37,-1.37,-1.37,-1.36, 0.14
-1.24,-1.24,-1.25,-1.25,-1.25,-1.24, 0.12
-1.11,-1.12,-1.12,-1.13,-1.12,-1.11, 0.71
1.79,1.83,1.88,1.90,1.85,1.81, 1.42
-1.98,-1.99,-2.01,-2.01,-2.00,-1.98, 1.06
-1.77,-1.78,-1.79,-1.80,-1.79,-1.77, 0.81
-1.59,-1.60,-1.61,-1.62,-1.61,-1.60, 0.44
-1.45,-1.46,-1.47,-1.47,-1.46,-1.45, 0.14
-1.32,-1.33,-1.34,-1.34,-1.33,-1.32, 0.13
-1.20,-1.21,-1.22,-1.22,-1.21,-1.21, 0.12
-1.05,-1.06,-1.08,-1.08,-1.07,-1.06, 1.05
1.54,1.60,1.66,1.68,1.63,1.57, 1.45
-1.91,-1.93,-1.94,-1.95,-1.93,-1.92, 0.84
-1.72,-1.73,-1.74,-1.74,-1.73,-1.72, 0.88
-1.55,-1.56,-1.57,-1.57,-1.56,-1.55, 0.22
-1.41,-1.42,-1.43,-1.43,-1.42,-1.41, 0.15
-1.29,-1.29,-1.30,-1.31,-1.30,-1.29, 0.12
-1.17,-1.17,-1.18,-1.19,-1.18,-1.17, 0.19
-0.91,-0.97,-1.00,-1.01,-0.98,-0.94, 1.24
1.07,1.24,1.35,1.39,1.30,1.16, 1.41
-1.85,-1.87,-1.88,-1.88,-1.87,-1.86, 0.77
-1.67,-1.68,-1.69,-1.69,-1.68,-1.67, 0.73
-1.51,-1.52,-1.53,-1.53,-1.52,-1.51, 0.16
-1.37,-1.38,-1.39,-1.39,-1.39,-1.38, 0.14
-1.25,-1.26,-1.27,-1.27,-1.26,-1.26, 0.12
-1.13,-1.14,-1.15,-1.15,-1.14,-1.13, 0.51
1.89,1.94,1.98,1.99,1.96,1.91, 1.40
-2.01,-2.03,-2.04,-2.05,-2.03,-2.02, 1.24
-1.80,-1.81,-1.82,-1.83,-1.81,-1.80, 0.77
-1.62,-1.63,-1.64,-1.64,-1.63,-1.62, 0.57
-1.47,-1.48,-1.49,-1.49,-1.48,-1.47, 0.14
-1.34,-1.35,-1.35,-1.36,-1.35,-1.34, 0.14
-1.22,-1.23,-1.24,-1.24,-1.23,-1.22, 0.11
-1.08,-1.09,-1.10,-1.11,-1.10,-1.09, 0.89
1.68,1.73,1.78,1.80,1.76,1.70, 1.44
-1.95,-1.96,-1.97,-1.98,-1.97,-1.95, 0.92
-1.74,-1.75,-1.77,-1.77,-1.76,-1.75, 0.86
-1.57,-1.58,-1.59,-1.60,-1.59,-1.58, 0.31
-1.43,-1.44,-1.45,-1.45,-1.44,-1.43, 0.14
-1.30,-1.31,-1.32,-1.32,-1.32,-1.31, 0.13
-1.19,-1.19,-1.20,-1.20,-1.20,-1.19, 0.13
-1.01,-1.03,-1.05,-1.05,-1.04,-1.02, 1.15
1.38,1.47,1.54,1.56,1.50,1.42, 1.45
-1.88,-1.90,-1.91,-1.92,-1.90,-1.89, 0.78
-1.69,-1.70,-1.71,-1.72,-1.71,-1.70, 0.85
-1.53,-1.54,-1.55,-1.55,-1.54,-1.53, 0.18
-1.39,-1.40,-1.41,-1.41,-1.41,-1.40, 0.15
-1.27,-1.28,-1.29,-1.29,-1.28,-1.27, 0.12
-1.15,-1.16,-1.17,-1.17,-1.16,-1.15, 0.33
1.98,-0.27,-0.90,-0.93,-0.74,1.97, 1.33
-2.04,-0.44,1.02,1.13,0.71,-2.04, 1.35
-1.83,-1.84,-1.85,-1.86,-1.84,-1.83, 0.77
-1.64,-1.65,-1.66,-1.67,-1.66,-1.65, 0.66
-1.49,-1.50,-1.51,-1.51,-1.50,-1.49, 0.14
-1.36,-1.37,-1.37,-1.38,-1.37,-1.36, 0.14
-1.24,-1.25,-1.25,-1.26,-1.25,-1.24, 0.11
-1.11,-1.12,-1.13,-1.13,-1.12,-1.11, 0.69
1.80,1.84,1.89,1.91,1.86,1.82, 1.43
-1.98,-1.99,-2.01,-2.01,-2.00,-1.99, 1.09
-1.77,-1.78,-1.79,-1.80,-1.79,-1.78, 0.81
-1.60,-1.61,-1.62,-1.62,-1.61,-1.60, 0.44
-1.45,-1.46,-1.47,-1.47,-1.46,-1.45, 0.14
-1.32,-1.33,-1.34,-1.34,-1.33,-1.33, 0.13
-1.20,-1.21,-1.22,-1.22,-1.22,-1.21, 0.12
-1.05,-1.07,-1.08,-1.08,-1.07,-1.06, 1.04
1.56,1.62,1.67,1.70,1.64,1.58, 1.45
-1.92,-1.93,-1.94,-1.95,-1.94,-1.92, 0.86
-1.72,-1.73,-1.74,-1.75,-1.73,-1.72, 0.88
-1.55,-1.56,-1.57,-1.58,-1.57,-1.56, 0.21
-1.41,-1.42,-1.43,-1.43,-1.42,-1.42, 0.15
-1.29,-1.30,-1.30,-1.31,-1.30,-1.29, 0.12
-1.17,-1.18,-1.18,-1.19,-1.18,-1.17, 0.18
-0.93,-0.98,-1.01,-1.01,-0.99,-0.95, 1.24
1.12,1.27,1.38,1.41,1.32,1.19, 1.42
-1.86,-1.87,-1.88,-1.89,-1.88,-1.86, 0.78
-1.67,-1.68,-1.69,-1.69,-1.68,-1.67, 0.71
-1.51,-1.52,-1.53,-1.53,-1.52,-1.51, 0.16
-1.38,-1.38,-1.39,-1.40,-1.39,-1.38, 0.14
-1.26,-1.26,-1.27,-1.27,-1.27,-1.26, 0.11
-1.13,-1.14,-1.15,-1.15,-1.14,-1.13, 0.49
1.90,1.95,1.99,2.00,1.97,1.92, 1.40
-2.01,-2.03,-2.04,-2.05,-2.04,-2.02, 1.25
-1.80,-1.81,-1.82,-1.83,-1.82,-1.80, 0.76
-1.62,-1.63,-1.64,-1.65,-1.64,-1.62, 0.55
-1.47,-1.48,-1.49,-1.49,-1.48,-1.47, 0.14
-1.34,-1.35,-1.36,-1.36,-1.35,-1.34, 0.14
-1.22,-1.23,-1.24,-1.24,-1.23,-1.23, 0.11
-1.08,-1.10,-1.11,-1.11,-1.10,-1.09, 0.87
1.69,1.74,1.79,1.81,1.77,1.71, 1.47
-1.95,-1.96,-1.98,-1.98,-1.97,-1.95, 0.93
-1.74,-1.76,-1.77,-1.77,-1.76,-1.75, 0.85
-1.58,-1.59,-1.60,-1.60,-1.59,-1.58, 0.31
-1.43,-1.44,-1.45,-1.45,-1.44,-1.44, 0.13
-1.31,-1.31,-1.32,-1.32,-1.32,-1.31, 0.13
-1.19,-1.20,-1.20,-1.21,-1.20,-1.19, 0.13
-1.01,-1.03,-1.05,-1.06,-1.04,-1.02, 1.14
1.40,1.48,1.55,1.57,1.51,1.44, 1.45
-1.89,-1.90,-1.91,-1.92,-1.91,-1.89, 0.79
-1.69,-1.70,-1.72,-1.72,-1.71,-1.70, 0.83
-1.53,-1.54,-1.55,-1.55,-1.55,-1.54, 0.18
-1.39,-1.40,-1.41,-1.41,-1.41,-1.40, 0.14
-1.27,-1.28,-1.29,-1.29,-1.28,-1.28, 0.12
-1.15,-1.16,-1.17,-1.17,-1.16,-1.15, 0.31
1.99,-0.57,-0.92,-0.94,-0.83,1.23, 1.31
-2.04,0.36,1.09,1.17,0.87,-2.02, 1.36
-1.83,-1.84,-1.85,-1.86,-1.85,-1.83, 0.78
-1.64,-1.66,-1.67,-1.67,-1.66,-1.65, 0.66
-1.49,-1.50,-1.51,-1.51,-1.50,-1.50, 0.14
-1.36,-1.37,-1.38,-1.38,-1.37,-1.36, 0.14
-1.24,-1.25,-1.25,-1.26,-1.25,-1.24, 0.11
-1.11,-1.12,-1.13,-1.13,-1.12,-1.11, 0.67
1.81,1.85,1.90,1.92,1.87,1.83, 1.43
-1.98,-2.00,-2.01,-2.02,-2.00,-1.99, 1.10
-1.77,-1.79,-1.80,-1.80,-1.79,-1.78, 0.80
-1.60,-1.61,-1.62,-1.62,-1.61,-1.60, 0.44
-1.45,-1.46,-1.47,-1.47,-1.46,-1.46, 0.14
-1.32,-1.33,-1.34,-1.34,-1.34,-1.33, 0.13
-1.21,-1.21,-1.22,-1.22,-1.22,-1.21, 0.11
-1.06,-1.07,-1.08,-1.09,-1.08,-1.06, 1.03
1.57,1.63,1.69,1.71,1.66,1.60, 1.47
-1.92,-1.93,-1.95,-1.95,-1.94,-1.93, 0.87
-1.72,-1.73,-1.74,-1.75,-1.74,-1.73, 0.89
-1.55,-1.56,-1.57,-1.58,-1.57,-1.56, 0.22
-1.41,-1.42,-1.43,-1.43,-1.43,-1.42, 0.15
-1.29,-1.30,-1.31,-1.31,-1.30,-1.29, 0.12
-1.17,-1.18,-1.19,-1.19,-1.18,-1.17, 0.17
-0.94,-0.98,-1.01,-1.02,-1.00,-0.96, 1.22
1.16,1.30,1.39,1.43,1.35,1.23, 1.43
-1.86,-1.87,-1.89,-1.89,-1.88,-1.86, 0.78
-1.67,-1.68,-1.69,-1.70,-1.69,-1.68, 0.72
-1.51,-1.52,-1.53,-1.53,-1.53,-1.52, 0.16
-1.38,-1.39,-1.39,-1.40,-1.39,-1.38, 0.14
-1.26,-1.26,-1.27,-1.27,-1.27,-1.26, 0.11
-1.13,-1.14,-1.15,-1.15,-1.15,-1.14, 0.47
1.91,1.96,2.00,1.90,1.98,1.93, 1.37
-2.02,-2.03,-2.05,-2.05,-2.04,-2.02, 1.30
-1.80,-1.81,-1.83,-1.83,-1.82,-1.81, 0.76
-1.62,-1.63,-1.64,-1.65,-1.64,-1.63, 0.57
-1.47,-1.48,-1.49,-1.49,-1.49,-1.48, 0.14
-1.34,-1.35,-1.36,-1.36,-1.35,-1.35, 0.14
-1.22,-1.23,-1.24,-1.24,-1.23,-1.23, 0.11
-1.09,-1.10,-1.11,-1.11,-1.10,-1.09, 0.85
1.70,1.75,1.80,1.82,1.78,1.73, 1.44
-1.95,-1.97,-1.98,-1.99,-1.97,-1.96, 0.97
-1.75,-1.76,-1.77,-1.78,-1.77,-1.75, 0.85
-1.58,-1.59,-1.60,-1.60,-1.59,-1.58, 0.32
-1.43,-1.44,-1.45,-1.45,-1.45,-1.44, 0.13
-1.31,-1.32,-1.32,-1.33,-1.32,-1.31, 0.12
-1.19,-1.20,-1.20,-1.21,-1.20,-1.19, 0.12
-1.02,-1.04,-1.05,-1.06,-1.05,-1.03, 1.13
1.42,1.50,1.56,1.59,1.53,1.46, 1.46
-1.89,-1.90,-1.92,-1.92,-1.91,-1.90, 0.81
-1.70,-1.71,-1.72,-1.72,-1.71,-1.70, 0.85
-1.53,-1.54,-1.55,-1.56,-1.55,-1.54, 0.18
-1.40,-1.41,-1.41,-1.42,-1.41,-1.40, 0.15
-1.27,-1.28,-1.29,-1.29,-1.29,-1.28, 0.12
-1.15,-1.16,-1.17,-1.17,-1.17,-1.16, 0.30
1.95,-0.74,-0.93,-0.95,-0.89,0.07, 1.31
-2.04,0.70,1.14,1.20,0.98,-1.27, 1.38
-1.83,-1.84,-1.86,-1.86,-1.85,-1.84, 0.79
-1.65,-1.66,-1.67,-1.67,-1.66,-1.65, 0.67
-1.49,-1.50,-1.51,-1.51,-1.51,-1.50, 0.14
-1.36,-1.37,-1.38,-1.38,-1.37,-1.36, 0.14
-1.24,-1.25,-1.26,-1.26,-1.25,-1.24, 0.11
-1.11,-1.12,-1.13,-1.13,-1.13,-1.12, 0.64
1.82,1.86,1.91,1.93,1.88,1.84, 1.39
-1.99,-2.00,-2.02,-2.02,-2.01,-1.99, 1.18
-1.78,-1.79,-1.80,-1.80,-1.79,-1.78, 0.79
-1.60,-1.61,-1.62,-1.63,-1.62,-1.61, 0.45
-1.45,-1.46,-1.47,-1.47,-1.47,-1.46, 0.14
-1.33,-1.33,-1.34,-1.34,-1.34,-1.33, 0.13
-1.21,-1.22,-1.22,-1.23,-1.22,-1.21, 0.11
-1.06,-1.07,-1.09,-1.09,-1.08,-1.07, 1.02
1.59,1.64,1.70,1.72,1.67,1.61, 1.44
-1.92,-1.94,-1.95,-1.96,-1.94,-1.93, 0.92
-1.72,-1.73,-1.75,-1.75,-1.74,-1.73, 0.89
-1.56,-1.57,-1.58,-1.58,-1.57,-1.56, 0.22
-1.42,-1.42,-1.43,-1.44,-1.43,-1.42, 0.14
-1.29,-1.30,-1.31,-1.31,-1.30,-1.30, 0.12
-1.17,-1.18,-1.19,-1.19,-1.18,-1.18, 0.17
-0.95,-0.99,-1.02,-1.02,-1.00,-0.97, 1.21
1.20,1.32,1.41,1.45,1.37,1.26, 1.44
-1.86,-1.87,-1.89,-1.89,-1.88,-1.87, 0.78
-1.67,-1.68,-1.69,-1.70,-1.69,-1.68, 0.74
-1.51,-1.52,-1.53,-1.54,-1.53,-1.52, 0.17
-1.38,-1.39,-1.40,-1.40,-1.39,-1.38, 0.14
-1.26,-1.27,-1.27,-1.28,-1.27,-1.26, 0.11
-1.13,-1.14,-1.15,-1.15,-1.15,-1.14, 0.46
1.92,1.97,2.00,0.77,1.98,1.94, 1.37
-2.02,-2.04,-2.05,-1.98,-2.04,-2.03, 1.32
-1.80,-1.82,-1.83,-1.83,-1.82,-1.81, 0.76
-1.62,-1.64,-1.65,-1.65,-1.64,-1.63, 0.58
-1.47,-1.48,-1.49,-1.50,-1.49,-1.48, 0.14
-1.34,-1.35,-1.36,-1.36,-1.36,-1.35, 0.14
-1.23,-1.23,-1.24,-1.24,-1.24,-1.23, 0.11
-1.09,-1.10,-1.11,-1.11,-1.11,-1.09, 0.83
1.71,1.77,1.81,1.83,1.79,1.74, 1.41
-1.96,-1.97,-1.98,-1.99,-1.98,-1.96, 1.01
-1.75,-1.76,-1.77,-1.78,-1.77,-1.76, 0.84
-1.58,-1.59,-1.60,-1.60,-1.59,-1.58, 0.33
-1.44,-1.44,-1.45,-1.46,-1.45,-1.44, 0.13
-1.31,-1.32,-1.33,-1.33,-1.32,-1.31, 0.13
-1.19,-1.20,-1.21,-1.21,-1.20,-1.19, 0.12
-1.02,-1.04,-1.06,-1.06,-1.05,-1.03, 1.12
1.44,1.51,1.58,1.60,1.54,1.47, 1.47
-1.89,-1.91,-1.92,-1.93,-1.91,-1.90, 0.82
-1.70,-1.71,-1.72,-1.73,-1.72,-1.70, 0.86
-1.54,-1.55,-1.56,-1.56,-1.55,-1.54, 0.19
-1.40,-1.41,-1.42,-1.42,-1.41,-1.40, 0.15
-1.28,-1.28,-1.29,-1.29,-1.29,-1.28, 0.12
-1.15,-1.16,-1.17,-1.17,-1.17,-1.16, 0.28
1.03,-0.83,-0.95,-0.96,-0.91,-0.45, 1.32
-2.00,0.87,1.18,1.23,1.07,0.07, 1.40
-1.83,-1.85,-1.86,-1.87,-1.85,-1.84, 0.76
-1.65,-1.66,-1.67,-1.68,-1.67,-1.65, 0.67
-1.50,-1.50,-1.51,-1.52,-1.51,-1.50, 0.14
-1.36,-1.37,-1.38,-1.38,-1.37,-1.37, 0.14
-1.24,-1.25,-1.26,-1.26,-1.25,-1.25, 0.11
-1.11,-1.12,-1.13,-1.14,-1.13,-1.12, 0.64
1.83,1.87,1.92,1.94,1.90,1.85, 1.40
-1.99,-2.00,-2.02,-2.02,-2.01,-2.00, 1.13
-1.78,-1.79,-1.80,-1.81,-1.80,-1.78, 0.78
-1.60,-1.61,-1.62,-1.63,-1.62,-1.61, 0.47
-1.46,-1.46,-1.47,-1.48,-1.47,-1.46, 0.14
-1.33,-1.34,-1.34,-1.35,-1.34,-1.33, 0.13
-1.21,-1.22,-1.22,-1.23,-1.22,-1.21, 0.11
-1.06,-1.08,-1.09,-1.09,-1.08,-1.07, 1.04
1.60,1.66,1.71,1.73,1.68,1.62, 1.47
-1.93,-1.94,-1.95,-1.96,-1.95,-1.93, 0.83
-1.73,-1.74,-1.75,-1.75,-1.74,-1.73, 0.88
-1.56,-1.57,-1.58,-1.58,-1.57,-1.56, 0.23
-1.42,-1.43,-1.43,-1.44,-1.43,-1.42, 0.14
-1.29,-1.30,-1.31,-1.31,-1.31,-1.30, 0.12
-1.17,-1.18,-1.19,-1.19,-1.19,-1.18, 0.14
-0.96,-1.00,-1.02,-1.03,-1.01,-0.98, 1.24
1.23,1.34,1.43,1.46,1.39,1.28, 1.47
-1.86,-1.88,-1.89,-1.90,-1.88,-1.87, 0.70
-1.68,-1.69,-1.70,-1.70,-1.69,-1.68, 0.75
-1.52,-1.53,-1.54,-1.54,-1.53,-1.52, 0.17
-1.38,-1.39,-1.40,-1.40,-1.39,-1.38, 0.14
-1.26,-1.27,-1.28,-1.28,-1.27,-1.26, 0.11
-1.14,-1.15,-1.15,-1.16,-1.15,-1.14, 0.46
1.93,1.97,1.73,-0.17,1.98,1.95, 1.40
-2.02,-2.04,-2.05,-0.82,-2.05,-2.03, 1.27
-1.81,-1.82,-1.83,-1.84,-1.83,-1.81, 0.74
-1.63,-1.64,-1.65,-1.65,-1.64,-1.63, 0.59
-1.48,-1.49,-1.49,-1.50,-1.49,-1.48, 0.14
-1.35,-1.35,-1.36,-1.36,-1.36,-1.35, 0.14
-1.23,-1.23,-1.24,-1.24,-1.24,-1.23, 0.11
-1.09,-1.10,-1.11,-1.12,-1.11,-1.10, 0.86
1.73,1.78,1.82,1.84,1.80,1.75, 1.44
-1.96,-1.97,-1.99,-1.99,-1.98,-1.96, 0.90
-1.75,-1.77,-1.78,-1.78,-1.77,-1.76, 0.84
-1.58,-1.59,-1.60,-1.61,-1.60,-1.59, 0.35
-1.44,-1.45,-1.45,-1.46,-1.45,-1.44, 0.13
-1.31,-1.32,-1.33,-1.33,-1.32,-1.32, 0.13
-1.19,-1.20,-1.21,-1.21,-1.20,-1.20, 0.12
-1.03,-1.05,-1.06,-1.07,-1.05,-1.04, 1.18
1.46,1.53,1.59,1.62,1.56,1.49, 1.49
-1.90,-1.91,-1.92,-1.93,-1.92,-1.90, 0.73
-1.70,-1.71,-1.72,-1.73,-1.72,-1.71, 0.86
-1.54,-1.55,-1.56,-1.56,-1.55,-1.54, 0.19
-1.40,-1.41,-1.42,-1.42,-1.41,-1.40, 0.15
-1.28,-1.29,-1.29,-1.30,-1.29,-1.28, 0.12
-1.16,-1.17,-1.17,-1.18,-1.17,-1.16, 0.22
-0.03,-0.89,-0.96,-0.97,-0.93,-0.67, 1.35
-1.05,0.98,1.21,1.27,1.13,0.56, 1.37
-1.84,-1.85,-1.86,-1.87,-1.86,-1.84, 0.74
-1.65,-1.66,-1.67,-1.68,-1.67,-1.66, 0.68
-1.50,-1.51,-1.52,-1.52,-1.51,-1.50, 0.14
-1.36,-1.37,-1.38,-1.38,-1.38,-1.37, 0.14
-1.24,-1.25,-1.26,-1.26,-1.26,-1.25, 0.11
-1.12,-1.13,-1.14,-1.14,-1.13,-1.12, 0.53
1.84,1.88,1.93,1.94,1.90,1.86, 1.40
-1.99,-2.01,-2.02,-2.03,-2.01,-2.00, 1.09
-1.78,-1.79,-1.81,-1.81,-1.80,-1.79, 0.78
-1.61,-1.62,-1.63,-1.63,-1.62,-1.61, 0.48
-1.46,-1.47,-1.48,-1.48,-1.47,-1.46, 0.13
-1.33,-1.34,-1.35,-1.35,-1.34,-1.33, 0.13
-1.21,-1.22,-1.23,-1.23,-1.22,-1.21, 0.11
-1.07,-1.08,-1.09,-1.09,-1.08,-1.07, 1.03
1.61,1.67,1.72,1.74,1.69,1.64, 1.48
-1.93,-1.94,-1.96,-1.96,-1.95,-1.93, 0.80
-1.73,-1.74,-1.75,-1.76,-1.75,-1.73, 0.87
-1.56,-1.57,-1.58,-1.58,-1.58,-1.57, 0.23
-1.42,-1.43,-1.44,-1.44,-1.43,-1.42, 0.14
-1.30,-1.30,-1.31,-1.31,-1.31,-1.30, 0.12
-1.18,-1.18,-1.19,-1.19,-1.19,-1.18, 0.13
-0.97,-1.00,-1.03,-1.03,-1.01,-0.99, 1.26
1.26,1.36,1.45,1.48,1.41,1.31, 1.47
-1.87,-1.88,-1.89,-1.90,-1.89,-1.87, 0.70
-1.68,-1.69,-1.70,-1.70,-1.69,-1.68, 0.77
-1.52,-1.53,-1.54,-1.54,-1.53,-1.52, 0.17
-1.38,-1.39,-1.40,-1.40,-1.40,-1.39, 0.14
-1.26,-1.27,-1.28,-1.28,-1.27,-1.27, 0.11
-1.14,-1.15,-1.16,-1.16,-1.15,-1.14, 0.36
1.94,1.98,0.34,-0.56,1.99,1.96, 1.41
-2.03,-2.04,-1.69,0.24,-2.04,-2.03, 1.27
-1.81,-1.82,-1.84,-1.84,-1.83,-1.82, 0.73
-1.63,-1.64,-1.65,-1.65,-1.65,-1.63, 0.60
-1.48,-1.49,-1.50,-1.50,-1.49,-1.48, 0.14
-1.35,-1.36,-1.36,-1.37,-1.36,-1.35, 0.13
-1.23,-1.24,-1.24,-1.25,-1.24,-1.23, 0.11
-1.09,-1.11,-1.12,-1.12,-1.11,-1.10, 0.69
1.74,1.79,1.83,1.85,1.81,1.76, 1.45
-1.96,-1.98,-1.99,-2.00,-1.98,-1.97, 0.91
-1.76,-1.77,-1.78,-1.78,-1.77,-1.76, 0.84
-1.58,-1.59,-1.60,-1.61,-1.60,-1.59, 0.36
-1.44,-1.45,-1.46,-1.46,-1.45,-1.44, 0.13
-1.31,-1.32,-1.33,-1.33,-1.32,-1.32, 0.13
-1.19,-1.20,-1.21,-1.21,-1.21,-1.20, 0.12
-1.03,-1.05,-1.06,-1.07,-1.06,-1.04, 1.10
1.47,1.54,1.61,1.63,1.57,1.51, 1.49
-1.90,-1.91,-1.93,-1.93,-1.92,-1.91, 0.73
-1.70,-1.72,-1.73,-1.73,-1.72,-1.71, 0.86
-1.54,-1.55,-1.56,-1.56,-1.55,-1.54, 0.18
-1.40,-1.41,-1.42,-1.42,-1.41,-1.41, 0.14
-1.28,-1.29,-1.29,-1.30,-1.29,-1.28, 0.11
-1.16,-1.17,-1.18,-1.18,-1.17,-1.16, 0.20
-0.47,-0.91,-0.97,-0.98,-0.94,-0.78, 1.33
0.10,1.07,1.24,1.29,1.17,0.79, 1.39
-1.84,-1.85,-1.87,-1.87,-1.86,-1.85, 0.74
-1.65,-1.67,-1.68,-1.68,-1.67,-1.66, 0.68
-1.50,-1.51,-1.52,-1.52,-1.51,-1.50, 0.14
-1.37,-1.37,-1.38,-1.39,-1.38,-1.37, 0.14
-1.25,-1.25,-1.26,-1.26,-1.26,-1.25, 0.11
-1.12,-1.13,-1.14,-1.14,-1.13,-1.12, 0.50
1.85,1.89,1.94,1.95,1.91,1.87, 1.44
-2.00,-2.01,-2.03,-2.03,-2.02,-2.00, 1.11
-1.78,-1.80,-1.81,-1.81,-1.80,-1.79, 0.77
-1.61,-1.62,-1.63,-1.63,-1.62,-1.61, 0.49
-1.46,-1.47,-1.48,-1.48,-1.47,-1.46, 0.13
-1.33,-1.34,-1.35,-1.35,-1.34,-1.33, 0.13
-1.21,-1.22,-1.23,-1.23,-1.22,-1.22, 0.11
-1.07,-1.08,-1.09,-1.10,-1.09,-1.07, 0.88
1.62,1.68,1.73,1.75,1.71,1.65, 1.50
-1.93,-1.95,-1.96,-1.97,-1.95,-1.94, 0.82
-1.73,-1.74,-1.75,-1.76,-1.75,-1.74, 0.87
-1.56,-1.57,-1.58,-1.59,-1.58,-1.57, 0.24
-1.42,-1.43,-1.44,-1.44,-1.43,-1.43, 0.14
-1.30,-1.31,-1.31,-1.32,-1.31,-1.30, 0.12
-1.18,-1.19,-1.19,-1.20,-1.19,-1.18, 0.13
-0.98,-1.01,-1.03,-1.04,-1.02,-0.99, 1.11
1.29,1.39,1.47,1.49,1.42,1.33, 1.50
-1.87,-1.88,-1.90,-1.90,-1.89,-1.88, 0.69
-1.68,-1.69,-1.70,-1.71,-1.70,-1.68, 0.78
-1.52,-1.53,-1.54,-1.54,-1.53,-1.52, 0.17
-1.39,-1.39,-1.40,-1.40,-1.40,-1.39, 0.14
-1.26,-1.27,-1.28,-1.28,-1.27,-1.27, 0.11
-1.14,-1.15,-1.16,-1.16,-1.15,-1.14, 0.34
1.95,1.98,-0.33,-0.73,1.94,1.97, 1.37
-2.03,-2.04,-0.28,0.65,-2.04,-2.04, 1.34
-1.81,-1.83,-1.84,-1.84,-1.83,-1.82, 0.73
-1.63,-1.64,-1.65,-1.66,-1.65,-1.64, 0.61
-1.48,-1.49,-1.50,-1.50,-1.49,-1.48, 0.13
-1.35,-1.36,-1.37,-1.37,-1.36,-1.35, 0.13
-1.23,-1.24,-1.25,-1.25,-1.24,-1.23, 0.11
-1.10,-1.11,-1.12,-1.12,-1.11,-1.10, 0.68
1.75,1.80,1.85,1.86,1.82,1.77, 1.48
-1.96,-1.98,-1.99,-2.00,-1.99,-1.97, 0.95
-1.76,-1.77,-1.78,-1.79,-1.78,-1.76, 0.84
-1.59,-1.60,-1.61,-1.61,-1.60,-1.59, 0.36
-1.44,-1.45,-1.46,-1.46,-1.45,-1.45, 0.13
-1.32,-1.32,-1.33,-1.33,-1.33,-1.32, 0.12
-1.20,-1.20,-1.21,-1.21,-1.21,-1.20, 0.11
-1.04,-1.05,-1.07,-1.07,-1.06,-1.04, 1.00
1.49,1.56,1.62,1.64,1.59,1.52, 1.52
-1.90,-1.92,-1.93,-1.93,-1.92,-1.91, 0.75
-1.71,-1.72,-1.73,-1.73,-1.72,-1.71, 0.87
-1.54,-1.55,-1.56,-1.57,-1.56,-1.55, 0.19
-1.40,-1.41,-1.42,-1.42,-1.42,-1.41, 0.14
-1.28,-1.29,-1.30,-1.30,-1.29,-1.28, 0.11
-1.16,-1.17,-1.18,-1.18,-1.17,-1.16, 0.19
-0.67,-0.93,-0.98,-0.99,-0.95,-0.86, 1.21
0.56,1.12,1.27,1.32,1.20,0.92, 1.49
-1.84,-1.86,-1.87,-1.87,-1.86,-1.85, 0.73
-1.66,-1.67,-1.68,-1.68,-1.67,-1.66, 0.68
-1.50,-1.51,-1.52,-1.52,-1.51,-1.51, 0.14
-1.37,-1.38,-1.38,-1.39,-1.38,-1.37, 0.13
-1.25,-1.26,-1.26,-1.27,-1.26,-1.25, 0.11
-1.12,-1.13,-1.14,-1.14,-1.13,-1.12, 0.48
1.86,1.90,1.95,1.96,1.92,1.88, 1.37
-2.00,-2.01,-2.03,-2.03,-2.02,-2.01, 1.25
-1.79,-1.80,-1.81,-1.82,-1.80,-1.79, 0.76
-1.61,-1.62,-1.63,-1.63,-1.63,-1.61, 0.50
-1.46,-1.47,-1.48,-1.48,-1.47,-1.47, 0.13
-1.33,-1.34,-1.35,-1.35,-1.34,-1.34, 0.13
-1.21,-1.22,-1.23,-1.23,-1.23,-1.22, 0.11
-1.07,-1.08,-1.10,-1.10,-1.09,-1.08, 0.87
1.64,1.69,1.74,1.76,1.72,1.66, 1.51
-1.93,-1.95,-1.96,-1.97,-1.96,-1.94, 0.86
-1.73,-1.75,-1.76,-1.76,-1.75,-1.74, 0.87
-1.57,-1.58,-1.59,-1.59,-1.58,-1.57, 0.26
-1.42,-1.43,-1.44,-1.44,-1.44,-1.43, 0.13
-1.30,-1.31,-1.31,-1.32,-1.31,-1.30, 0.12
-1.18,-1.19,-1.20,-1.20,-1.19,-1.18, 0.12
-0.99,-1.01,-1.04,-1.04,-1.02,-1.00, 1.10
1.31,1.41,1.48,1.51,1.44,1.35, 1.53
-1.87,-1.89,-1.90,-1.91,-1.89,-1.88, 0.69
-1.68,-1.69,-1.71,-1.71,-1.70,-1.69, 0.79
-1.52,-1.53,-1.54,-1.55,-1.54,-1.53, 0.17
-1.39,-1.40,-1.40,-1.41,-1.40,-1.39, 0.14
-1.27,-1.27,-1.28,-1.28,-1.28,-1.27, 0.11
-1.14,-1.15,-1.16,-1.16,-1.15,-1.15, 0.33
1.96,1.99,-0.60,-0.82,1.02,1.98, 1.28
-2.03,-2.04,0.41,0.85,-2.00,-2.04, 1.46
-1.82,-1.83,-1.84,-1.85,-1.83,-1.82, 0.73
-1.63,-1.65,-1.66,-1.66,-1.65,-1.64, 0.62
-1.48,-1.49,-1.50,-1.50,-1.50,-1.49, 0.13
-1.35,-1.36,-1.37,-1.37,-1.36,-1.35, 0.13
-1.23,-1.24,-1.25,-1.25,-1.24,-1.24, 0.11
-1.10,-1.11,-1.12,-1.12,-1.11,-1.10, 0.66
1.76,1.81,1.85,1.87,1.83,1.78, 1.36
-1.97,-1.98,-2.00,-2.00,-1.99,-1.97, 1.17
-1.76,-1.77,-1.79,-1.79,-1.78,-1.77, 0.83
-1.59,-1.60,-1.61,-1.61,-1.60,-1.59, 0.38
-1.44,-1.45,-1.46,-1.46,-1.46,-1.45, 0.13
-1.32,-1.32,-1.33,-1.34,-1.33,-1.32, 0.13
-1.20,-1.21,-1.21,-1.22,-1.21,-1.20, 0.11
-1.04,-1.06,-1.07,-1.08,-1.06,-1.05, 0.99
1.51,1.57,1.63,1.65,1.60,1.54, 1.51
-1.91,-1.92,-1.93,-1.94,-1.93,-1.91, 0.81
-1.71,-1.72,-1.73,-1.74,-1.73,-1.71, 0.88
-1.54,-1.55,-1.56,-1.57,-1.56,-1.55, 0.19
-1.41,-1.41,-1.42,-1.43,-1.42,-1.41, 0.14
-1.28,-1.29,-1.30,-1.30,-1.29,-1.29, 0.11
-1.16,-1.17,-1.18,-1.18,-1.17,-1.17, 0.18
-0.78,-0.94,-0.98,-1.00,-0.96,-0.90, 1.20
0.79,1.16,1.30,1.34,1.23,1.02, 1.52
-1.85,-1.86,-1.87,-1.88,-1.86,-1.85, 0.73
-1.66,-1.67,-1.68,-1.69,-1.68,-1.66, 0.68
-1.50,-1.51,-1.52,-1.53,-1.52,-1.51, 0.14
-1.37,-1.38,-1.39,-1.39,-1.38,-1.37, 0.14
-1.25,-1.26,-1.26,-1.27,-1.26,-1.25, 0.11
-1.12,-1.13,-1.14,-1.14,-1.14,-1.13, 0.47
1.87,1.91,1.96,1.97,1.93,1.89, 1.33
-2.00,-2.02,-2.03,-2.04,-2.02,-2.01, 1.36
-1.79,-1.80,-1.81,-1.82,-1.81,-1.79, 0.76
-1.61,-1.62,-1.63,-1.64,-1.63,-1.62, 0.52
-1.46,-1.47,-1.48,-1.48,-1.48,-1.47, 0.13
-1.34,-1.34,-1.35,-1.35,-1.35,-1.34, 0.13
-1.22,-1.22,-1.23,-1.23,-1.23,-1.22, 0.11
-1.08,-1.09,-1.10,-1.10,-1.09,-1.08, 0.86
1.65,1.71,1.76,1.77,1.73,1.67, 1.41
-1.94,-1.95,-1.97,-1.97,-1.96,-1.94, 1.06
-1.74,-1.75,-1.76,-1.76,-1.75,-1.74, 0.88
-1.57,-1.58,-1.59,-1.59,-1.58,-1.57, 0.27
-1.43,-1.43,-1.44,-1.45,-1.44,-1.43, 0.13
-1.30,-1.31,-1.32,-1.32,-1.31,-1.30, 0.12
-1.18,-1.19,-1.20,-1.20,-1.19,-1.18, 0.12
-0.99,-1.02,-1.04,-1.04,-1.03,-1.01, 1.09
1.33,1.42,1.50,1.53,1.46,1.37, 1.43
-1.88,-1.89,-1.90,-1.91,-1.90,-1.88, 0.85
-1.69,-1.70,-1.71,-1.71,-1.70,-1.69, 0.81
-1.53,-1.53,-1.54,-1.55,-1.54,-1.53, 0.17
-1.39,-1.40,-1.41,-1.41,-1.40,-1.39, 0.14
-1.27,-1.27,-1.28,-1.29,-1.28,-1.27, 0.11
-1.14,-1.15,-1.16,-1.16,-1.16,-1.15, 0.32
1.97,1.94,-0.74,-0.88,-0.11,1.98, 1.28
-2.04,-2.04,0.71,0.98,-0.86,-2.04, 1.48
-1.82,-1.83,-1.84,-1.85,-1.84,-1.82, 0.74
-1.64,-1.65,-1.66,-1.66,-1.65,-1.64, 0.64
-1.48,-1.49,-1.50,-1.51,-1.50,-1.49, 0.14
-1.35,-1.36,-1.37,-1.37,-1.36,-1.36, 0.14
-1.23,-1.24,-1.25,-1.25,-1.24,-1.24, 0.11
-1.10,-1.11,-1.12,-1.13,-1.12,-1.11, 0.64
1.77,1.82,1.86,1.88,1.84,1.79, 1.36
-1.97,-1.99,-2.00,-2.01,-1.99,-1.98, 1.23
-1.76,-1.78,-1.79,-1.79,-1.78,-1.77, 0.82
-1.59,-1.60,-1.61,-1.61,-1.61,-1.60, 0.39
-1.45,-1.45,-1.46,-1.47,-1.46,-1.45, 0.13
-1.32,-1.33,-1.33,-1.34,-1.33,-1.32, 0.13
-1.20,-1.21,-1.22,-1.22,-1.21,-1.20, 0.11
-1.04,-1.06,-1.07,-1.08,-1.07,-1.05, 0.98
1.52,1.59,1.64,1.67,1.61,1.55, 1.43
-1.91,-1.92,-1.94,-1.94,-1.93,-1.91, 0.98
-1.71,-1.72,-1.73,-1.74,-1.73,-1.72, 0.89
-1.55,-1.56,-1.57,-1.57,-1.56,-1.55, 0.20
-1.41,-1.42,-1.42,-1.43,-1.42,-1.41, 0.15
-1.28,-1.29,-1.30,-1.30,-1.30,-1.29, 0.11
-1.16,-1.17,-1.18,-1.18,-1.18,-1.17, 0.17
-0.86,-0.95,-0.99,-1.00,-0.97,-0.92, 1.20
0.94,1.20,1.32,1.36,1.26,1.09, 1.42
-1.85,-1.86,-1.88,-1.88,-1.87,-1.85, 0.89
-1.66,-1.67,-1.68,-1.69,-1.68,-1.67, 0.69
-1.51,-1.51,-1.52,-1.53,-1.52,-1.51, 0.15
-1.37,-1.38,-1.39,-1.39,-1.38,-1.38, 0.14
-1.25,-1.26,-1.27,-1.27,-1.26,-1.25, 0.11
-1.13,-1.13,-1.14,-1.15,-1.14,-1.13, 0.46
1.88,1.92,1.97,1.98,1.94,1.90, 1.33
-2.01,-2.02,-2.04,-2.04,-2.03,-2.01, 1.40
-1.79,-1.80,-1.82,-1.82,-1.81,-1.80, 0.76
-1.61,-1.63,-1.64,-1.64,-1.63,-1.62, 0.54
-1.47,-1.47,-1.48,-1.49,-1.48,-1.47, 0.14
-1.34,-1.34,-1.35,-1.36,-1.35,-1.34, 0.13
-1.22,-1.23,-1.23,-1.24,-1.23,-1.22, 0.11
-1.08,-1.09,-1.10,-1.10,-1.09,-1.08, 0.84
1.66,1.72,1.77,1.78,1.74,1.69, 1.41
-1.94,-1.96,-1.97,-1.97,-1.96,-1.95, 1.09
-1.74,-1.75,-1.76,-1.77,-1.76,-1.74, 0.87
-1.57,-1.58,-1.59,-1.59,-1.58,-1.57, 0.28
-1.43,-1.44,-1.44,-1.45,-1.44,-1.43, 0.14
-1.30,-1.31,-1.32,-1.32,-1.31,-1.31, 0.12
-1.18,-1.19,-1.20,-1.20,-1.19,-1.19, 0.13
-1.00,-1.02,-1.04,-1.05,-1.03,-1.01, 1.08
1.35,1.44,1.51,1.54,1.48,1.39, 1.45
-1.88,-1.89,-1.91,-1.91,-1.90,-1.89, 0.92
-1.69,-1.70,-1.71,-1.71,-1.70,-1.69, 0.82
-1.53,-1.54,-1.55,-1.55,-1.54,-1.53, 0.18
-1.39,-1.40,-1.41,-1.41,-1.40,-1.39, 0.14
-1.27,-1.28,-1.28,-1.29,-1.28,-1.27, 0.11
-1.15,-1.15,-1.16,-1.17,-1.16,-1.15, 0.30
1.98,1.02,-0.83,-0.90,-0.50,1.99, 1.28
-2.04,-2.00,0.87,1.06,0.19,-2.04, 1.38
-1.82,-1.83,-1.85,-1.85,-1.84,-1.83, 0.89
-1.64,-1.65,-1.66,-1.66,-1.65,-1.64, 0.64
-1.49,-1.50,-1.50,-1.51,-1.50,-1.49, 0.14
-1.35,-1.36,-1.37,-1.37,-1.37,-1.36, 0.14
-1.24,-1.24,-1.25,-1.25,-1.25,-1.24, 0.11
-1.10,-1.11,-1.12,-1.13,-1.12,-1.11, 0.63
1.78,1.83,1.87,1.89,1.85,1.80, 1.36
-1.97,-1.99,-2.00,-2.01,-2.00,-1.98, 1.16
-1.77,-1.78,-1.79,-1.80,-1.78,-1.77, 0.89
-1.59,-1.60,-1.61,-1.62,-1.61,-1.60, 0.41
-1.45,-1.46,-1.46,-1.47,-1.46,-1.45, 0.13
-1.32,-1.33,-1.34,-1.34,-1.33,-1.32, 0.13
-1.20,-1.21,-1.22,-1.22,-1.21,-1.20, 0.11
-1.05,-1.06,-1.08,-1.08,-1.07,-1.05, 0.97
1.54,1.60,1.66,1.68,1.63,1.56, 1.43
-1.91,-1.93,-1.94,-1.94,-1.93,-1.92, 1.00
-1.71,-1.73,-1.74,-1.74,-1.73,-1.72, 0.89
-1.55,-1.56,-1.57,-1.57,-1.56,-1.55, 0.20
-1.41,-1.42,-1.43,-1.43,-1.42,-1.41, 0.15
-1.29,-1.29,-1.30,-1.30,-1.30,-1.29, 0.12
-1.17,-1.17,-1.18,-1.19,-1.18,-1.17, 0.17
-0.90,-0.96,-1.00,-1.01,-0.98,-0.93, 1.18
1.03,1.23,1.35,1.38,1.29,1.14, 1.42
-1.85,-1.86,-1.88,-1.88,-1.87,-1.86, 0.92
-1.66,-1.68,-1.69,-1.69,-1.68,-1.67, 0.70
-1.51,-1.52,-1.53,-1.53,-1.52,-1.51, 0.16
-1.37,-1.38,-1.39,-1.39,-1.39,-1.38, 0.14
-1.25,-1.26,-1.27,-1.27,-1.26,-1.26, 0.11
-1.13,-1.14,-1.15,-1.15,-1.14,-1.13, 0.44
1.89,1.93,1.98,1.99,1.95,1.91, 1.33
-2.01,-2.02,-2.04,-2.04,-2.03,-2.02, 1.30
-1.79,-1.81,-1.82,-1.82,-1.81,-1.80, 0.88
-1.62,-1.63,-1.64,-1.64,-1.63,-1.62, 0.55
-1.47,-1.48,-1.49,-1.49,-1.48,-1.47, 0.14
-1.34,-1.35,-1.35,-1.36,-1.35,-1.34, 0.14
-1.22,-1.23,-1.23,-1.24,-1.23,-1.22, 0.11
-1.08,-1.09,-1.10,-1.11,-1.10,-1.09, 0.82
1.68,1.73,1.78,1.80,1.75,1.70, 1.40
-1.94,-1.96,-1.97,-1.98,-1.97,-1.95, 1.04
-1.74,-1.75,-1.77,-1.77,-1.76,-1.75, 0.91
-1.57,-1.58,-1.59,-1.60,-1.59,-1.58, 0.29
-1.43,-1.44,-1.45,-1.45,-1.44,-1.43, 0.14
-1.30,-1.31,-1.32,-1.32,-1.32,-1.31, 0.13
-1.18,-1.19,-1.20,-1.20,-1.20,-1.19, 0.13
-1.01,-1.03,-1.05,-1.05,-1.04,-1.02, 1.08
1.38,1.46,1.53,1.56,1.49,1.41, 1.45
-1.88,-1.90,-1.91,-1.91,-1.90,-1.89, 0.93
-1.69,-1.70,-1.71,-1.72,-1.71,-1.69, 0.81
-1.53,-1.54,-1.55,-1.55,-1.54,-1.53, 0.18
-1.39,-1.40,-1.41,-1.41,-1.40,-1.40, 0.14
-1.27,-1.28,-1.29,-1.29,-1.28,-1.27, 0.11
-1.15,-1.16,-1.17,-1.17,-1.16,-1.15, 0.29
1.98,-0.03,-0.89,-0.92,-0.69,1.99, 1.27
-2.04,-1.05,0.98,1.11,0.60,-2.04, 1.41
-1.82,-1.84,-1.85,-1.85,-1.84,-1.83, 0.84
-1.64,-1.65,-1.66,-1.67,-1.66,-1.65, 0.65
-1.49,-1.50,-1.51,-1.51,-1.50,-1.49, 0.14
-1.36,-1.36,-1.37,-1.38,-1.37,-1.36, 0.14
-1.24,-1.24,-1.25,-1.25,-1.25,-1.24, 0.11
-1.11,-1.12,-1.13,-1.13,-1.12,-1.11, 0.61
1.79,1.84,1.88,1.90,1.86,1.81, 1.38
-1.98,-1.99,-2.01,-2.01,-2.00,-1.98, 1.22
-1.77,-1.78,-1.79,-1.80,-1.79,-1.77, 0.81
-1.60,-1.61,-1.62,-1.62,-1.61,-1.60, 0.43
-1.45,-1.46,-1.47,-1.47,-1.46,-1.45, 0.13
-1.32,-1.33,-1.34,-1.34,-1.33,-1.33, 0.13
-1.20,-1.21,-1.22,-1.22,-1.21,-1.21, 0.11
-1.05,-1.07,-1.08,-1.08,-1.07,-1.06, 0.95
1.55,1.61,1.67,1.69,1.64,1.58, 1.44
-1.91,-1.93,-1.94,-1.95,-1.93,-1.92, 0.98
-1.72,-1.73,-1.74,-1.74,-1.73,-1.72, 0.84
-1.55,-1.56,-1.57,-1.57,-1.57,-1.56, 0.20
-1.41,-1.42,-1.43,-1.43,-1.42,-1.42, 0.15
-1.29,-1.30,-1.30,-1.31,-1.30,-1.29, 0.11
-1.17,-1.18,-1.18,-1.19,-1.18,-1.17, 0.16
-0.92,-0.97,-1.00,-1.01,-0.99,-0.95, 1.18
1.10,1.26,1.37,1.40,1.31,1.18, 1.47
-1.85,-1.87,-1.88,-1.89,-1.87,-1.86, 0.85
-1.67,-1.68,-1.69,-1.69,-1.68,-1.67, 0.69
-1.51,-1.52,-1.53,-1.53,-1.52,-1.51, 0.16
-1.38,-1.38,-1.39,-1.39,-1.39,-1.38, 0.14
-1.25,-1.26,-1.27,-1.27,-1.27,-1.26, 0.11
-1.13,-1.14,-1.15,-1.15,-1.14,-1.13, 0.42
1.90,1.94,1.98,2.00,1.96,1.92, 1.36
-2.01,-2.03,-2.04,-2.05,-2.03,-2.02, 1.33
-1.80,-1.81,-1.82,-1.83,-1.82,-1.80, 0.78
-1.62,-1.63,-1.64,-1.64,-1.63,-1.62, 0.55
-1.47,-1.48,-1.49,-1.49,-1.48,-1.47, 0.13
-1.34,-1.35,-1.36,-1.36,-1.35,-1.34, 0.13
-1.22,-1.23,-1.24,-1.24,-1.23,-1.22, 0.11
-1.08,-1.09,-1.11,-1.11,-1.10,-1.09, 0.81
1.69,1.74,1.79,1.81,1.76,1.71, 1.43
-1.95,-1.96,-1.98,-1.98,-1.97,-1.95, 1.06
-1.74,-1.76,-1.77,-1.77,-1.76,-1.75, 0.83
-1.57,-1.58,-1.59,-1.60,-1.59,-1.58, 0.30
-1.43,-1.44,-1.45,-1.45,-1.44,-1.43, 0.13
-1.31,-1.31,-1.32,-1.32,-1.32,-1.31, 0.12
-1.19,-1.19,-1.20,-1.21,-1.20,-1.19, 0.12
-1.01,-1.03,-1.05,-1.06,-1.04,-1.02, 1.10
1.39,1.47,1.54,1.57,1.51,1.43, 1.46
-1.89,-1.90,-1.91,-1.92,-1.91,-1.89, 0.89
-1.69,-1.70,-1.72,-1.72,-1.71,-1.70, 0.78
-1.53,-1.54,-1.55,-1.55,-1.55,-1.54, 0.18
-1.39,-1.40,-1.41,-1.41,-1.41,-1.40, 0.14
-1.27,-1.28,-1.29,-1.29,-1.28,-1.28, 0.11
-1.15,-1.16,-1.17,-1.17,-1.16,-1.15, 0.25
1.99,-0.47,-0.91,-0.94,-0.79,1.73, 1.31
-2.04,0.12,1.07,1.15,0.81,-2.04, 1.40
-1.83,-1.84,-1.85,-1.86,-1.85,-1.83, 0.80
-1.64,-1.65,-1.67,-1.67,-1.66,-1.65, 0.65
-1.49,-1.50,-1.51,-1.51,-1.50,-1.49, 0.14
-1.36,-1.37,-1.37,-1.38,-1.37,-1.36, 0.14
-1.24,-1.25,-1.25,-1.26,-1.25,-1.24, 0.11
-1.11,-1.12,-1.13,-1.13,-1.12,-1.11, 0.61
1.80,1.85,1.90,1.91,1.87,1.82, 1.39
-1.98,-2.00,-2.01,-2.02,-2.00,-1.99, 1.20
-1.77,-1.78,-1.80,-1.80,-1.79,-1.78, 0.80
-1.60,-1.61,-1.62,-1.62,-1.61,-1.60, 0.44
-1.45,-1.46,-1.47,-1.47,-1.46,-1.45, 0.13
-1.32,-1.33,-1.34,-1.34,-1.34,-1.33, 0.13
-1.20,-1.21,-1.22,-1.22,-1.22,-1.21, 0.11
-1.06,-1.07,-1.08,-1.09,-1.08,-1.06, 0.99
1.57,1.63,1.68,1.70,1.65,1.59, 1.44
-1.92,-1.93,-1.95,-1.95,-1.94,-1.92, 0.97
-1.72,-1.73,-1.74,-1.75,-1.74,-1.72, 0.84
-1.55,-1.56,-1.57,-1.58,-1.57,-1.56, 0.21
-1.41,-1.42,-1.43,-1.43,-1.43,-1.42, 0.15
-1.29,-1.30,-1.31,-1.31,-1.30,-1.29, 0.11
-1.17,-1.18,-1.19,-1.19,-1.18,-1.17, 0.15
-0.94,-0.98,-1.01,-1.02,-1.00,-0.96, 1.22
1.14,1.29,1.39,1.42,1.34,1.21, 1.46
-1.86,-1.87,-1.88,-1.89,-1.88,-1.86, 0.84
-1.67,-1.68,-1.69,-1.70,-1.69,-1.67, 0.69
-1.51,-1.52,-1.53,-1.53,-1.53,-1.52, 0.16
-1.38,-1.39,-1.39,-1.40,-1.39,-1.38, 0.14
-1.26,-1.26,-1.27,-1.27,-1.27,-1.26, 0.11
-1.13,-1.14,-1.15,-1.15,-1.14,-1.14, 0.37
1.91,1.95,1.99,1.99,1.97,1.93, 1.36
-2.02,-2.03,-2.05,-2.05,-2.04,-2.02, 1.33
-1.80,-1.81,-1.83,-1.83,-1.82,-1.81, 0.78
-1.62,-1.63,-1.64,-1.65,-1.64,-1.63, 0.56
-1.47,-1.48,-1.49,-1.49,-1.48,-1.48, 0.13
-1.34,-1.35,-1.36,-1.36,-1.35,-1.35, 0.13
-1.22,-1.23,-1.24,-1.24,-1.23,-1.23, 0.11
-1.09,-1.10,-1.11,-1.11,-1.10,-1.09, 0.71
1.70,1.75,1.80,1.82,1.77,1.72, 1.42
-1.95,-1.96,-1.98,-1.98,-1.97,-1.96, 1.08
-1.75,-1.76,-1.77,-1.77,-1.76,-1.75, 0.82
-1.58,-1.59,-1.60,-1.60,-1.59,-1.58, 0.31
-1.43,-1.44,-1.45,-1.45,-1.45,-1.44, 0.13
-1.31,-1.32,-1.32,-1.33,-1.32,-1.31, 0.12
-1.19,-1.20,-1.20,-1.21,-1.20,-1.19, 0.12
-1.02,-1.04,-1.05,-1.06,-1.05,-1.03, 1.10
1.41,1.49,1.56,1.58,1.52,1.45, 1.45
-1.89,-1.90,-1.92,-1.92,-1.91,-1.89, 0.90
-1.70,-1.71,-1.72,-1.72,-1.71,-1.70, 0.78
-1.53,-1.54,-1.55,-1.56,-1.55,-1.54, 0.18
-1.40,-1.40,-1.41,-1.42,-1.41,-1.40, 0.14
-1.27,-1.28,-1.29,-1.29,-1.29,-1.28, 0.11
-1.15,-1.16,-1.17,-1.17,-1.16,-1.16, 0.24
1.99,-0.68,-0.93,-0.95,-0.87,0.47, 1.31
-2.04,0.60,1.13,1.19,0.94,-1.81, 1.41
-1.83,-1.84,-1.86,-1.86,-1.85,-1.84, 0.81
-1.65,-1.66,-1.67,-1.67,-1.66,-1.65, 0.67
-1.49,-1.50,-1.51,-1.51,-1.51,-1.50, 0.14
-1.36,-1.37,-1.38,-1.38,-1.37,-1.36, 0.14
-1.24,-1.25,-1.26,-1.26,-1.25,-1.24, 0.11
-1.11,-1.12,-1.13,-1.13,-1.13,-1.12, 0.51
1.81,1.86,1.90,1.92,1.88,1.83, 1.39
-1.98,-2.00,-2.01,-2.02,-2.01,-1.99, 1.22
-1.77,-1.79,-1.80,-1.80,-1.79,-1.78, 0.79
-1.60,-1.61,-1.62,-1.62,-1.62,-1.60, 0.45
-1.45,-1.46,-1.47,-1.47,-1.47,-1.46, 0.13
-1.33,-1.33,-1.34,-1.34,-1.34,-1.33, 0.13
-1.21,-1.21,-1.22,-1.22,-1.22,-1.21, 0.11
-1.06,-1.07,-1.08,-1.09,-1.08,-1.06, 0.86
1.58,1.64,1.69,1.71,1.66,1.61, 1.46
-1.92,-1.93,-1.95,-1.95,-1.94,-1.93, 0.99
-1.72,-1.73,-1.75,-1.75,-1.74,-1.73, 0.84
-1.56,-1.57,-1.58,-1.58,-1.57,-1.56, 0.22
-1.42,-1.42,-1.43,-1.44,-1.43,-1.42, 0.14
-1.29,-1.30,-1.31,-1.31,-1.30,-1.29, 0.11
-1.17,-1.18,-1.19,-1.19,-1.18,-1.18, 0.14
-0.95,-0.99,-1.01,-1.02,-1.00,-0.97, 1.16
1.18,1.31,1.41,1.44,1.36,1.24, 1.46
-1.86,-1.87,-1.89,-1.89,-1.88,-1.87, 0.84
-1.67,-1.68,-1.69,-1.70,-1.69,-1.68, 0.70
-1.51,-1.52,-1.53,-1.54,-1.53,-1.52, 0.16
-1.38,-1.39,-1.40,-1.40,-1.39,-1.38, 0.14
-1.26,-1.27,-1.27,-1.28,-1.27,-1.26, 0.11
-1.13,-1.14,-1.15,-1.15,-1.15,-1.14, 0.36
1.92,1.96,2.00,1.38,1.98,1.94, 1.36
-2.02,-2.03,-2.05,-2.04,-2.04,-2.03, 1.37
-1.80,-1.82,-1.83,-1.83,-1.82,-1.81, 0.78
-1.62,-1.63,-1.65,-1.65,-1.64,-1.63, 0.58
-1.47,-1.48,-1.49,-1.49,-1.49,-1.48, 0.13
-1.34,-1.35,-1.36,-1.36,-1.36,-1.35, 0.13
-1.22,-1.23,-1.24,-1.24,-1.24,-1.23, 0.11
-1.09,-1.10,-1.11,-1.11,-1.10,-1.09, 0.68
1.71,1.76,1.81,1.83,1.78,1.73, 1.43
-1.95,-1.97,-1.98,-1.99,-1.97,-1.96, 1.10
-1.75,-1.76,-1.77,-1.78,-1.77,-1.75, 0.82
-1.58,-1.59,-1.60,-1.60,-1.59,-1.58, 0.32
-1.43,-1.44,-1.45,-1.46,-1.45,-1.44, 0.13
-1.31,-1.32,-1.32,-1.33,-1.32,-1.31, 0.12
-1.19,-1.20,-1.21,-1.21,-1.20,-1.19, 0.11
-1.02,-1.04,-1.06,-1.06,-1.05,-1.03, 0.97
1.43,1.51,1.57,1.60,1.54,1.47, 1.48
-1.89,-1.91,-1.92,-1.92,-1.91,-1.90, 0.93
-1.70,-1.71,-1.72,-1.72,-1.71,-1.70, 0.79
-1.54,-1.55,-1.55,-1.56,-1.55,-1.54, 0.18
-1.40,-1.41,-1.41,-1.42,-1.41,-1.40, 0.14
-1.28,-1.28,-1.29,-1.29,-1.29,-1.28, 0.11
-1.15,-1.16,-1.17,-1.17,-1.17,-1.16, 0.23
1.60,-0.79,-0.94,-0.96,-0.90,-0.30, 1.21
-2.04,0.81,1.17,1.22,1.04,-0.33, 1.46
-1.83,-1.85,-1.86,-1.86,-1.85,-1.84, 0.82
-1.65,-1.66,-1.67,-1.67,-1.66,-1.65, 0.67
-1.49,-1.50,-1.51,-1.52,-1.51,-1.50, 0.13
-1.36,-1.37,-1.38,-1.38,-1.37,-1.37, 0.13
-1.24,-1.25,-1.26,-1.26,-1.25,-1.25, 0.11
-1.11,-1.12,-1.13,-1.14,-1.13,-1.12, 0.49
1.82,1.87,1.91,1.93,1.89,1.84, 1.37
-1.99,-2.00,-2.02,-2.02,-2.01,-1.99, 1.27
-1.78,-1.79,-1.80,-1.81,-1.80,-1.78, 0.79
-1.60,-1.61,-1.62,-1.63,-1.62,-1.61, 0.47
-1.45,-1.46,-1.47,-1.48,-1.47,-1.46, 0.13
-1.33,-1.34,-1.34,-1.35,-1.34,-1.33, 0.13
-1.21,-1.22,-1.22,-1.23,-1.22,-1.21, 0.11
-1.06,-1.08,-1.09,-1.09,-1.08,-1.07, 0.85
1.59,1.65,1.71,1.73,1.68,1.62, 1.46
-1.92,-1.94,-1.95,-1.96,-1.94,-1.93, 1.03
-1.72,-1.74,-1.75,-1.75,-1.74,-1.73, 0.85
-1.56,-1.57,-1.58,-1.58,-1.57,-1.56, 0.23
-1.42,-1.43,-1.43,-1.44,-1.43,-1.42, 0.14
-1.29,-1.30,-1.31,-1.31,-1.30,-1.30, 0.11
-1.17,-1.18,-1.19,-1.19,-1.19,-1.18, 0.14
-0.96,-0.99,-1.02,-1.03,-1.01,-0.98, 1.08
1.21,1.33,1.42,1.45,1.38,1.27, 1.49
-1.86,-1.88,-1.89,-1.89,-1.88,-1.87, 0.88
-1.67,-1.69,-1.70,-1.70,-1.69,-1.68, 0.72
-1.52,-1.53,-1.53,-1.54,-1.53,-1.52, 0.17
-1.38,-1.39,-1.40,-1.40,-1.39,-1.38, 0.14
-1.26,-1.27,-1.27,-1.28,-1.27,-1.26, 0.11
-1.14,-1.14,-1.15,-1.16,-1.15,-1.14, 0.35
1.93,1.97,1.95,0.13,1.99,1.95, 1.28
-2.02,-2.04,-2.05,-1.49,-2.04,-2.03, 1.44
-1.81,-1.82,-1.83,-1.84,-1.82,-1.81, 0.78
-1.63,-1.64,-1.65,-1.65,-1.64,-1.63, 0.59
-1.48,-1.48,-1.49,-1.50,-1.49,-1.48, 0.13
-1.35,-1.35,-1.36,-1.36,-1.36,-1.35, 0.13
-1.23,-1.23,-1.24,-1.24,-1.24,-1.23, 0.11
-1.09,-1.10,-1.11,-1.12,-1.11,-1.10, 0.66
1.72,1.77,1.82,1.84,1.79,1.74, 1.37
-1.96,-1.97,-1.99,-1.99,-1.98,-1.96, 1.19
-1.75,-1.76,-1.78,-1.78,-1.77,-1.76, 0.82
-1.58,-1.59,-1.60,-1.60,-1.60,-1.59, 0.34
-1.44,-1.45,-1.45,-1.46,-1.45,-1.44, 0.13
-1.31,-1.32,-1.33,-1.33,-1.32,-1.31, 0.12
-1.19,-1.20,-1.21,-1.21,-1.20,-1.20, 0.11
-1.03,-1.05,-1.06,-1.07,-1.05,-1.03, 0.97
1.45,1.52,1.59,1.61,1.55,1.48, 1.47
-1.89,-1.91,-1.92,-1.93,-1.91,-1.90, 0.99
-1.70,-1.71,-1.72,-1.73,-1.72,-1.71, 0.81
-1.54,-1.55,-1.56,-1.56,-1.55,-1.54, 0.19
-1.40,-1.41,-1.42,-1.42,-1.41,-1.40, 0.14
-1.28,-1.29,-1.29,-1.30,-1.29,-1.28, 0.11
-1.16,-1.16,-1.17,-1.18,-1.17,-1.16, 0.21
0.32,-0.87,-0.95,-0.97,-0.92,-0.60, 1.21
-1.67,0.94,1.20,1.25,1.11,0.41, 1.48
-1.84,-1.85,-1.86,-1.87,-1.86,-1.84, 0.85
-1.65,-1.66,-1.67,-1.68,-1.67,-1.66, 0.68
-1.50,-1.51,-1.51,-1.52,-1.51,-1.50, 0.14
-1.36,-1.37,-1.38,-1.38,-1.38,-1.37, 0.14
-1.24,-1.25,-1.26,-1.26,-1.26,-1.25, 0.11
-1.12,-1.13,-1.13,-1.14,-1.13,-1.12, 0.47
1.83,1.88,1.92,1.94,1.90,1.85, 1.32
-1.99,-2.01,-2.02,-2.03,-2.01,-2.00, 1.37
-1.78,-1.79,-1.80,-1.81,-1.80,-1.79, 0.79
-1.60,-1.61,-1.63,-1.63,-1.62,-1.61, 0.48
-1.46,-1.47,-1.47,-1.48,-1.47,-1.46, 0.13
-1.33,-1.34,-1.34,-1.35,-1.34,-1.33, 0.13
-1.21,-1.22,-1.23,-1.23,-1.22,-1.21, 0.11
-1.06,-1.08,-1.09,-1.09,-1.08,-1.07, 0.83
1.61,1.66,1.72,1.74,1.69,1.63, 1.40
-1.93,-1.94,-1.96,-1.96,-1.95,-1.93, 1.14
-1.73,-1.74,-1.75,-1.75,-1.74,-1.73, 0.84
-1.56,-1.57,-1.58,-1.58,-1.57,-1.56, 0.23
-1.42,-1.43,-1.44,-1.44,-1.43,-1.42, 0.14
-1.29,-1.30,-1.31,-1.31,-1.31,-1.30, 0.11
-1.18,-1.18,-1.19,-1.19,-1.19,-1.18, 0.13
-0.97,-1.00,-1.02,-1.03,-1.01,-0.98, 1.07
1.24,1.35,1.44,1.47,1.40,1.30, 1.45
-1.87,-1.88,-1.89,-1.90,-1.89,-1.87, 0.96
-1.68,-1.69,-1.70,-1.70,-1.69,-1.68, 0.73
-1.52,-1.53,-1.54,-1.54,-1.53,-1.52, 0.17
-1.38,-1.39,-1.40,-1.40,-1.39,-1.39, 0.14
-1.26,-1.27,-1.28,-1.28,-1.27,-1.26, 0.11
-1.14,-1.15,-1.15,-1.16,-1.15,-1.14, 0.33
1.94,1.98,0.86,-0.44,1.99,1.96, 1.29
-2.03,-2.04,-1.97,-0.09,-2.04,-2.03, 1.45
-1.81,-1.82,-1.83,-1.84,-1.83,-1.81, 0.80
-1.63,-1.64,-1.65,-1.65,-1.64,-1.63, 0.60
-1.48,-1.49,-1.50,-1.50,-1.49,-1.48, 0.13
-1.35,-1.36,-1.36,-1.37,-1.36,-1.35, 0.13
-1.23,-1.24,-1.24,-1.25,-1.24,-1.23, 0.11
-1.09,-1.10,-1.11,-1.12,-1.11,-1.10, 0.64
1.73,1.78,1.83,1.85,1.80,1.76, 1.36
-1.96,-1.97,-1.99,-1.99,-1.98,-1.97, 1.26
-1.75,-1.77,-1.78,-1.78,-1.77,-1.76, 0.82
-1.58,-1.59,-1.60,-1.61,-1.60,-1.59, 0.36
-1.44,-1.45,-1.46,-1.46,-1.45,-1.44, 0.13
-1.31,-1.32,-1.33,-1.33,-1.32,-1.32, 0.13
-1.19,-1.20,-1.21,-1.21,-1.21,-1.20, 0.11
-1.03,-1.05,-1.06,-1.07,-1.06,-1.04, 0.96
1.47,1.54,1.60,1.62,1.57,1.50, 1.42
-1.90,-1.91,-1.93,-1.93,-1.92,-1.90, 1.08
-1.70,-1.71,-1.73,-1.73,-1.72,-1.71, 0.81
-1.54,-1.55,-1.56,-1.56,-1.55,-1.54, 0.19
-1.40,-1.41,-1.42,-1.42,-1.41,-1.41, 0.14
-1.28,-1.29,-1.29,-1.30,-1.29,-1.28, 0.11
-1.16,-1.17,-1.17,-1.18,-1.17,-1.16, 0.20
-0.33,-0.90,-0.96,-0.98,-0.94,-0.74, 1.19
-0.28,1.04,1.23,1.28,1.15,0.71, 1.41
-1.84,-1.85,-1.86,-1.87,-1.86,-1.84, 0.96
-1.65,-1.66,-1.68,-1.68,-1.67,-1.66, 0.68
-1.50,-1.51,-1.52,-1.52,-1.51,-1.50, 0.14
-1.37,-1.37,-1.38,-1.38,-1.38,-1.37, 0.14
-1.25,-1.25,-1.26,-1.26,-1.26,-1.25, 0.11
-1.12,-1.13,-1.14,-1.14,-1.13,-1.12, 0.46
1.85,1.89,1.93,1.95,1.91,1.86, 1.32
-1.99,-2.01,-2.02,-2.03,-2.02,-2.00, 1.36
-1.78,-1.79,-1.81,-1.81,-1.80,-1.79, 0.82
-1.61,-1.62,-1.63,-1.63,-1.62,-1.61, 0.49
-1.46,-1.47,-1.48,-1.48,-1.47,-1.46, 0.13
-1.33,-1.34,-1.35,-1.35,-1.34,-1.33, 0.13
-1.21,-1.22,-1.23,-1.23,-1.22,-1.22, 0.11
-1.07,-1.08,-1.09,-1.10,-1.09,-1.07, 0.82
1.62,1.68,1.73,1.75,1.70,1.64, 1.39
-1.93,-1.94,-1.96,-1.96,-1.95,-1.94, 1.17
-1.73,-1.74,-1.75,-1.76,-1.75,-1.73, 0.84
-1.56,-1.57,-1.58,-1.59,-1.58,-1.57, 0.25
-1.42,-1.43,-1.44,-1.44,-1.43,-1.42, 0.14
-1.30,-1.30,-1.31,-1.31,-1.31,-1.30, 0.12
-1.18,-1.19,-1.19,-1.20,-1.19,-1.18, 0.13
-0.98,-1.01,-1.03,-1.04,-1.02,-0.99, 1.06
1.27,1.38,1.46,1.49,1.42,1.32, 1.43
-1.87,-1.88,-1.90,-1.90,-1.89,-1.87, 1.01
-1.68,-1.69,-1.70,-1.71,-1.70,-1.68, 0.74
-1.52,-1.53,-1.54,-1.54,-1.53,-1.52, 0.17
-1.38,-1.39,-1.40,-1.40,-1.40,-1.39, 0.14
-1.26,-1.27,-1.28,-1.28,-1.27,-1.27, 0.11
-1.14,-1.15,-1.16,-1.16,-1.15,-1.14, 0.32
1.95,1.98,-0.12,-0.67,1.99,1.97, 1.28
-2.03,-2.04,-0.84,0.52,-2.04,-2.04, 1.39
-1.81,-1.82,-1.84,-1.84,-1.83,-1.82, 0.88
-1.63,-1.64,-1.65,-1.66,-1.65,-1.64, 0.61
-1.48,-1.49,-1.50,-1.50,-1.49,-1.48, 0.14
-1.35,-1.36,-1.36,-1.37,-1.36,-1.35, 0.14
-1.23,-1.24,-1.24,-1.25,-1.24,-1.23, 0.11
-1.10,-1.11,-1.12,-1.12,-1.11,-1.10, 0.63
1.75,1.79,1.84,1.86,1.82,1.77, 1.37
-1.96,-1.98,-1.99,-2.00,-1.98,-1.97, 1.24
-1.76,-1.77,-1.78,-1.79,-1.77,-1.76, 0.86
-1.59,-1.60,-1.61,-1.61,-1.60,-1.59, 0.36
-1.44,-1.45,-1.46,-1.46,-1.45,-1.44, 0.13
-1.31,-1.32,-1.33,-1.33,-1.33,-1.32, 0.13
-1.20,-1.20,-1.21,-1.21,-1.21,-1.20, 0.11
-1.04,-1.05,-1.07,-1.07,-1.06,-1.04, 0.94
1.48,1.55,1.61,1.64,1.58,1.51, 1.41
-1.90,-1.91,-1.93,-1.93,-1.92,-1.91, 1.09
-1.71,-1.72,-1.73,-1.73,-1.72,-1.71, 0.82
-1.54,-1.55,-1.56,-1.56,-1.56,-1.55, 0.19
-1.40,-1.41,-1.42,-1.42,-1.42,-1.41, 0.15
-1.28,-1.29,-1.30,-1.30,-1.29,-1.28, 0.11
-1.16,-1.17,-1.18,-1.18,-1.17,-1.16, 0.19
-0.60,-0.92,-0.97,-0.99,-0.95,-0.83, 1.18
0.41,1.10,1.26,1.31,1.19,0.87, 1.41
-1.84,-1.85,-1.87,-1.87,-1.86,-1.85, 0.97
-1.66,-1.67,-1.68,-1.68,-1.67,-1.66, 0.68
-1.50,-1.51,-1.52,-1.52,-1.51,-1.50, 0.14
-1.37,-1.38,-1.38,-1.39,-1.38,-1.37, 0.14
-1.25,-1.25,-1.26,-1.27,-1.26,-1.25, 0.11
-1.12,-1.13,-1.14,-1.14,-1.13,-1.12, 0.44
1.85,1.90,1.94,1.96,1.92,1.87, 1.32
-2.00,-2.01,-2.03,-2.03,-2.02,-2.00, 1.33
-1.79,-1.80,-1.81,-1.81,-1.80,-1.79, 0.86
-1.61,-1.62,-1.63,-1.63,-1.62,-1.61, 0.50
-1.46,-1.47,-1.48,-1.48,-1.47,-1.46, 0.13
-1.33,-1.34,-1.35,-1.35,-1.34,-1.34, 0.13
-1.21,-1.22,-1.23,-1.23,-1.22,-1.22, 0.11
-1.07,-1.08,-1.09,-1.10,-1.09,-1.08, 0.81
1.63,1.69,1.74,1.76,1.71,1.66, 1.40
-1.93,-1.95,-1.96,-1.97,-1.95,-1.94, 1.17
-1.73,-1.74,-1.76,-1.76,-1.75,-1.74, 0.84
-1.56,-1.57,-1.58,-1.59,-1.58,-1.57, 0.26
-1.42,-1.43,-1.44,-1.44,-1.44,-1.43, 0.14
-1.30,-1.31,-1.31,-1.32,-1.31,-1.30, 0.12
-1.18,-1.19,-1.19,-1.20,-1.19,-1.18, 0.13
-0.99,-1.01,-1.03,-1.04,-1.02,-1.00, 1.06
1.30,1.40,1.48,1.50,1.43,1.34, 1.42
-1.87,-1.89,-1.90,-1.90,-1.89,-1.88, 1.01
-1.68,-1.69,-1.70,-1.71,-1.70,-1.69, 0.75
-1.52,-1.53,-1.54,-1.54,-1.54,-1.53, 0.18
-1.39,-1.39,-1.40,-1.41,-1.40,-1.39, 0.14
-1.26,-1.27,-1.28,-1.28,-1.28,-1.27, 0.11
-1.14,-1.15,-1.16,-1.16,-1.15,-1.15, 0.31
1.96,1.99,-0.51,-0.78,1.59,1.97, 1.26
-2.03,-2.04,0.19,0.78,-2.04,-2.04, 1.40
-1.81,-1.83,-1.84,-1.84,-1.83,-1.82, 0.89
-1.63,-1.64,-1.65,-1.66,-1.65,-1.64, 0.62
-1.48,-1.49,-1.50,-1.50,-1.49,-1.49, 0.14
-1.35,-1.36,-1.37,-1.37,-1.36,-1.35, 0.14
-1.23,-1.24,-1.25,-1.25,-1.24,-1.23, 0.11
-1.10,-1.11,-1.12,-1.12,-1.11,-1.10, 0.61
1.76,1.80,1.85,1.87,1.83,1.78, 1.36
-1.97,-1.98,-2.00,-2.00,-1.99,-1.97, 1.25
-1.76,-1.77,-1.78,-1.79,-1.78,-1.77, 0.87
-1.59,-1.60,-1.61,-1.61,-1.60,-1.59, 0.37
-1.44,-1.45,-1.46,-1.46,-1.46,-1.45, 0.13
-1.32,-1.32,-1.33,-1.33,-1.33,-1.32, 0.13
-1.20,-1.21,-1.21,-1.22,-1.21,-1.20, 0.11
-1.04,-1.06,-1.07,-1.07,-1.06,-1.05, 0.93
1.50,1.57,1.63,1.65,1.59,1.53, 1.41
-1.90,-1.92,-1.93,-1.94,-1.92,-1.91, 1.11
-1.71,-1.72,-1.73,-1.73,-1.72,-1.71, 0.83
-1.54,-1.55,-1.56,-1.57,-1.56,-1.55, 0.20
-1.41,-1.41,-1.42,-1.42,-1.42,-1.41, 0.15
-1.28,-1.29,-1.30,-1.30,-1.29,-1.29, 0.11
-1.16,-1.17,-1.18,-1.18,-1.17,-1.17, 0.19
-0.74,-0.94,-0.98,-0.99,-0.96,-0.89, 1.17
0.71,1.14,1.29,1.33,1.22,0.98, 1.41
-1.84,-1.86,-1.87,-1.88,-1.86,-1.85, 0.97
-1.66,-1.67,-1.68,-1.68,-1.67,-1.66, 0.67
-1.50,-1.51,-1.52,-1.52,-1.52,-1.51, 0.14
-1.37,-1.38,-1.39,-1.39,-1.38,-1.37, 0.14
-1.25,-1.26,-1.26,-1.27,-1.26,-1.25, 0.11
-1.12,-1.13,-1.14,-1.14,-1.14,-1.13, 0.43
1.87,1.91,1.95,1.97,1.93,1.88, 1.31
-2.00,-2.02,-2.03,-2.04,-2.02,-2.01, 1.34
-1.79,-1.80,-1.81,-1.82,-1.81,-1.79, 0.86
-1.61,-1.62,-1.63,-1.64,-1.63,-1.62, 0.51
-1.46,-1.47,-1.48,-1.48,-1.48,-1.47, 0.13
-1.33,-1.34,-1.35,-1.35,-1.35,-1.34, 0.13
-1.22,-1.22,-1.23,-1.23,-1.23,-1.22, 0.11
-1.07,-1.09,-1.10,-1.10,-1.09,-1.08, 0.80
1.65,1.70,1.75,1.77,1.72,1.67, 1.40
-1.94,-1.95,-1.97,-1.97,-1.96,-1.94, 1.18
-1.73,-1.75,-1.76,-1.76,-1.75,-1.74, 0.85
-1.57,-1.58,-1.59,-1.59,-1.58,-1.57, 0.27
-1.42,-1.43,-1.44,-1.44,-1.44,-1.43, 0.13
-1.30,-1.31,-1.32,-1.32,-1.31,-1.30, 0.12
-1.18,-1.19,-1.20,-1.20,-1.19,-1.18, 0.13
-0.99,-1.02,-1.04,-1.04,-1.03,-1.00, 1.04
1.32,1.42,1.49,1.52,1.45,1.37, 1.43
-1.88,-1.89,-1.90,-1.91,-1.90,-1.88, 1.02
-1.68,-1.70,-1.71,-1.71,-1.70,-1.69, 0.76
-1.52,-1.53,-1.54,-1.55,-1.54,-1.53, 0.18
-1.39,-1.40,-1.40,-1.41,-1.40,-1.39, 0.14
-1.27,-1.27,-1.28,-1.28,-1.28,-1.27, 0.11
-1.14,-1.15,-1.16,-1.16,-1.16,-1.15, 0.30
1.97,1.99,-0.69,-0.87,0.20,1.98, 1.25
-2.04,-2.04,0.60,0.93,-1.51,-2.04, 1.40
-1.82,-1.83,-1.84,-1.85,-1.84,-1.82, 0.90
-1.64,-1.65,-1.66,-1.66,-1.65,-1.64, 0.63
-1.48,-1.49,-1.50,-1.50,-1.50,-1.49, 0.14
-1.35,-1.36,-1.37,-1.37,-1.36,-1.36, 0.14
-1.23,-1.24,-1.25,-1.25,-1.24,-1.24, 0.11
-1.10,-1.11,-1.12,-1.12,-1.12,-1.11, 0.59
1.77,1.81,1.86,1.88,1.84,1.79, 1.35
-1.97,-1.98,-2.00,-2.00,-1.99,-1.98, 1.25
-1.76,-1.77,-1.79,-1.79,-1.78,-1.77, 0.86
-1.59,-1.60,-1.61,-1.61,-1.60,-1.59, 0.39
-1.44,-1.45,-1.46,-1.46,-1.46,-1.45, 0.13
-1.32,-1.33,-1.33,-1.34,-1.33,-1.32, 0.13
-1.20,-1.21,-1.21,-1.22,-1.21,-1.20, 0.11
-1.04,-1.06,-1.07,-1.08,-1.07,-1.05, 0.91
1.51,1.58,1.64,1.66,1.61,1.54, 1.42
-1.91,-1.92,-1.94,-1.94,-1.93,-1.91, 1.12
-1.71,-1.72,-1.73,-1.74,-1.73,-1.72, 0.84
-1.55,-1.56,-1.57,-1.57,-1.56,-1.55, 0.20
-1.41,-1.42,-1.42,-1.43,-1.42,-1.41, 0.15
-1.28,-1.29,-1.30,-1.30,-1.30,-1.29, 0.11
-1.16,-1.17,-1.18,-1.18,-1.18,-1.17, 0.18
-0.84,-0.95,-0.99,-1.00,-0.97,-0.91, 1.16
0.89,1.19,1.31,1.35,1.25,1.07, 1.41
-1.85,-1.86,-1.87,-1.88,-1.87,-1.85, 0.97
-1.66,-1.67,-1.68,-1.69,-1.68,-1.67, 0.68
-1.50,-1.51,-1.52,-1.53,-1.52,-1.51, 0.15
-1.37,-1.38,-1.39,-1.39,-1.38,-1.37, 0.14
-1.25,-1.26,-1.27,-1.27,-1.26,-1.25, 0.11
-1.12,-1.13,-1.14,-1.15,-1.14,-1.13, 0.42
1.88,1.92,1.96,1.98,1.94,1.89, 1.31
-2.00,-2.02,-2.03,-2.04,-2.03,-2.01, 1.34
-1.79,-1.80,-1.82,-1.82,-1.81,-1.80, 0.86
-1.61,-1.62,-1.63,-1.64,-1.63,-1.62, 0.53
-1.46,-1.47,-1.48,-1.49,-1.48,-1.47, 0.13
-1.34,-1.34,-1.35,-1.35,-1.35,-1.34, 0.13
-1.22,-1.22,-1.23,-1.23,-1.23,-1.22, 0.11
-1.08,-1.09,-1.10,-1.10,-1.09,-1.08, 0.78
1.66,1.71,1.76,1.78,1.73,1.68, 1.40
-1.94,-1.95,-1.97,-1.97,-1.96,-1.95, 1.17
-1.74,-1.75,-1.76,-1.77,-1.75,-1.74, 0.85
-1.57,-1.58,-1.59,-1.59,-1.58,-1.57, 0.28
-1.43,-1.44,-1.44,-1.45,-1.44,-1.43, 0.13
-1.30,-1.31,-1.32,-1.32,-1.31,-1.31, 0.12
-1.18,-1.19,-1.20,-1.20,-1.19,-1.19, 0.12
-1.00,-1.02,-1.04,-1.05,-1.03,-1.01, 1.02
1.35,1.43,1.51,1.53,1.47,1.39, 1.43
-1.88,-1.89,-1.91,-1.91,-1.90,-1.88, 1.04
-1.69,-1.70,-1.71,-1.71,-1.70,-1.69, 0.77
-1.53,-1.54,-1.55,-1.55,-1.54,-1.53, 0.18
-1.39,-1.40,-1.41,-1.41,-1.40,-1.39, 0.14
-1.27,-1.28,-1.28,-1.29,-1.28,-1.27, 0.11
-1.15,-1.15,-1.16,-1.17,-1.16,-1.15, 0.29
1.98,1.59,-0.79,-0.90,-0.38,1.98, 1.25
-2.04,-2.04,0.81,1.03,-0.14,-2.04, 1.40
-1.82,-1.83,-1.85,-1.85,-1.84,-1.83, 0.90
-1.64,-1.65,-1.66,-1.66,-1.65,-1.64, 0.64
-1.49,-1.49,-1.50,-1.51,-1.50,-1.49, 0.14
-1.35,-1.36,-1.37,-1.37,-1.37,-1.36, 0.14
-1.23,-1.24,-1.25,-1.25,-1.25,-1.24, 0.11
-1.10,-1.11,-1.12,-1.13,-1.12,-1.11, 0.57
1.78,1.82,1.87,1.89,1.85,1.80, 1.34
-1.97,-1.99,-2.00,-2.01,-1.99,-1.98, 1.26
-1.77,-1.78,-1.79,-1.79,-1.78,-1.77, 0.86
-1.59,-1.60,-1.61,-1.62,-1.61,-1.60, 0.40
-1.45,-1.45,-1.46,-1.47,-1.46,-1.45, 0.13
-1.32,-1.33,-1.34,-1.34,-1.33,-1.32, 0.13
-1.20,-1.21,-1.22,-1.22,-1.21,-1.20, 0.11
-1.05,-1.06,-1.08,-1.08,-1.07,-1.05, 0.90
1.53,1.59,1.65,1.67,1.62,1.56, 1.42
-1.91,-1.92,-1.94,-1.94,-1.93,-1.92, 1.13
-1.71,-1.72,-1.74,-1.74,-1.73,-1.72, 0.84
-1.55,-1.56,-1.57,-1.57,-1.56,-1.55, 0.20
-1.41,-1.42,-1.43,-1.43,-1.42,-1.41, 0.15
-1.29,-1.29,-1.30,-1.30,-1.30,-1.29, 0.11
-1.17,-1.17,-1.18,-1.18,-1.18,-1.17, 0.17
-0.89,-0.96,-1.00,-1.00,-0.98,-0.93, 1.14
0.99,1.22,1.34,1.37,1.27,1.12, 1.42
-1.85,-1.86,-1.88,-1.88,-1.87,-1.86, 0.99
-1.66,-1.67,-1.69,-1.69,-1.68,-1.67, 0.68
-1.51,-1.52,-1.53,-1.53,-1.52,-1.51, 0.15
-1.37,-1.38,-1.39,-1.39,-1.38,-1.38, 0.14
-1.25,-1.26,-1.27,-1.27,-1.26,-1.26, 0.11
-1.13,-1.14,-1.14,-1.15,-1.14,-1.13, 0.41
1.89,1.93,1.97,1.99,1.95,1.90, 1.31
-2.01,-2.02,-2.04,-2.04,-2.03,-2.01, 1.35
-1.79,-1.81,-1.82,-1.82,-1.81,-1.80, 0.87
-1.62,-1.63,-1.64,-1.64,-1.63,-1.62, 0.55
-1.47,-1.48,-1.48,-1.49,-1.48,-1.47, 0.13
-1.34,-1.35,-1.35,-1.36,-1.35,-1.34, 0.13
-1.22,-1.23,-1.23,-1.24,-1.23,-1.22, 0.11
-1.08,-1.09,-1.10,-1.11,-1.10,-1.08, 0.76
1.67,1.72,1.77,1.79,1.75,1.69, 1.38
-1.94,-1.96,-1.97,-1.98,-1.96,-1.95, 1.18
-1.74,-1.75,-1.76,-1.77,-1.76,-1.75, 0.85
-1.57,-1.58,-1.59,-1.59,-1.59,-1.58, 0.29
-1.43,-1.44,-1.45,-1.45,-1.44,-1.43, 0.13
-1.30,-1.31,-1.32,-1.32,-1.31,-1.31, 0.12
-1.18,-1.19,-1.20,-1.20,-1.20,-1.19, 0.12
-1.00,-1.03,-1.05,-1.05,-1.04,-1.01, 1.01
1.37,1.45,1.52,1.55,1.49,1.41, 1.43
-1.88,-1.89,-1.91,-1.91,-1.90,-1.89, 1.05
-1.69,-1.70,-1.71,-1.72,-1.71,-1.69, 0.78
-1.53,-1.54,-1.55,-1.55,-1.54,-1.53, 0.18
-1.39,-1.40,-1.41,-1.41,-1.40,-1.40, 0.14
-1.27,-1.28,-1.29,-1.29,-1.28,-1.27, 0.11
-1.15,-1.16,-1.16,-1.17,-1.16,-1.15, 0.27
1.98,0.32,-0.87,-0.91,-0.62,1.99, 1.25
-2.04,-1.67,0.94,1.09,0.47,-2.04, 1.40
-1.82,-1.84,-1.85,-1.85,-1.84,-1.83, 0.91
-1.64,-1.65,-1.66,-1.67,-1.66,-1.65, 0.65
-1.49,-1.50,-1.51,-1.51,-1.50,-1.49, 0.14
-1.36,-1.36,-1.37,-1.37,-1.37,-1.36, 0.14
-1.24,-1.24,-1.25,-1.25,-1.25,-1.24, 0.11
-1.11,-1.12,-1.13,-1.13,-1.12,-1.11, 0.56
1.79,1.83,1.88,1.90,1.86,1.81, 1.34
-1.98,-1.99,-2.01,-2.01,-2.00,-1.98, 1.27
-1.77,-1.78,-1.79,-1.80,-1.79,-1.77, 0.86
-1.59,-1.60,-1.62,-1.62,-1.61,-1.60, 0.42
-1.45,-1.46,-1.47,-1.47,-1.46,-1.45, 0.13
-1.32,-1.33,-1.34,-1.34,-1.33,-1.32, 0.13
-1.20,-1.21,-1.22,-1.22,-1.21,-1.21, 0.11
-1.05,-1.07,-1.08,-1.08,-1.07,-1.06, 0.89
1.55,1.61,1.66,1.69,1.63,1.57, 1.40
-1.91,-1.93,-1.94,-1.95,-1.93,-1.92, 1.13
-1.72,-1.73,-1.74,-1.74,-1.73,-1.72, 0.84
-1.55,-1.56,-1.57,-1.57,-1.56,-1.55, 0.20
-1.41,-1.42,-1.43,-1.43,-1.42,-1.41, 0.15
-1.29,-1.30,-1.30,-1.31,-1.30,-1.29, 0.11
-1.17,-1.18,-1.18,-1.19,-1.18,-1.17, 0.16
-0.91,-0.97,-1.00,-1.01,-0.99,-0.94, 1.13
1.08,1.25,1.36,1.39,1.30,1.16, 1.42
-1.85,-1.87,-1.88,-1.88,-1.87,-1.86, 0.99
-1.67,-1.68,-1.69,-1.69,-1.68,-1.67, 0.69
-1.51,-1.52,-1.53,-1.53,-1.52,-1.51, 0.16
-1.37,-1.38,-1.39,-1.39,-1.39,-1.38, 0.14
-1.25,-1.26,-1.27,-1.27,-1.27,-1.26, 0.11
-1.13,-1.14,-1.15,-1.15,-1.14,-1.13, 0.39
1.90,1.94,1.98,2.00,1.96,1.91, 1.31
-2.01,-2.03,-2.04,-2.05,-2.03,-2.02, 1.36
-1.80,-1.81,-1.82,-1.83,-1.81,-1.80, 0.87
-1.62,-1.63,-1.64,-1.64,-1.63,-1.62, 0.55
-1.47,-1.48,-1.49,-1.49,-1.48,-1.47, 0.13
-1.34,-1.35,-1.36,-1.36,-1.35,-1.34, 0.13
-1.22,-1.23,-1.24,-1.24,-1.23,-1.22, 0.11
-1.08,-1.09,-1.10,-1.11,-1.10,-1.09, 0.73
1.68,1.73,1.78,1.80,1.76,1.71, 1.38
-1.95,-1.96,-1.97,-1.98,-1.97,-1.95, 1.19
-1.74,-1.75,-1.77,-1.77,-1.76,-1.75, 0.85
-1.57,-1.58,-1.59,-1.60,-1.59,-1.58, 0.30
-1.43,-1.44,-1.45,-1.45,-1.44,-1.43, 0.13
-1.31,-1.31,-1.32,-1.32,-1.32,-1.31, 0.12
-1.19,-1.19,-1.20,-1.20,-1.20,-1.19, 0.12
-1.01,-1.03,-1.05,-1.05,-1.04,-1.02, 1.00
1.39,1.47,1.54,1.56,1.50,1.42, 1.43
-1.88,-1.90,-1.91,-1.92,-1.90,-1.89, 1.05
-1.69,-1.70,-1.71,-1.72,-1.71,-1.70, 0.78
-1.53,-1.54,-1.55,-1.55,-1.54,-1.53, 0.18
-1.39,-1.40,-1.41,-1.41,-1.41,-1.40, 0.14
-1.27,-1.28,-1.29,-1.29,-1.28,-1.27, 0.11
-1.15,-1.16,-1.17,-1.17,-1.16,-1.15, 0.26
1.98,-0.33,-0.90,-0.93,-0.75,1.94, 1.23
-2.04,-0.24,1.04,1.14,0.73,-2.04, 1.40
-1.83,-1.84,-1.85,-1.86,-1.84,-1.83, 0.92
-1.64,-1.65,-1.66,-1.67,-1.66,-1.65, 0.65
-1.49,-1.50,-1.51,-1.51,-1.50,-1.49, 0.14
-1.36,-1.37,-1.37,-1.38,-1.37,-1.36, 0.14
-1.24,-1.25,-1.25,-1.26,-1.25,-1.24, 0.11
-1.11,-1.12,-1.13,-1.13,-1.12,-1.11, 0.55
1.80,1.85,1.89,1.91,1.87,1.82, 1.35
-1.98,-1.99,-2.01,-2.01,-2.00,-1.99, 1.29
-1.77,-1.78,-1.80,-1.80,-1.79,-1.78, 0.86
-1.60,-1.61,-1.62,-1.62,-1.61,-1.60, 0.43
-1.45,-1.46,-1.47,-1.47,-1.46,-1.45, 0.13
-1.32,-1.33,-1.34,-1.34,-1.33,-1.33, 0.13
-1.20,-1.21,-1.22,-1.22,-1.22,-1.21, 0.11
-1.05,-1.07,-1.08,-1.08,-1.07,-1.06, 0.87
1.56,1.62,1.68,1.70,1.65,1.59, 1.40
-1.92,-1.93,-1.94,-1.95,-1.94,-1.92, 1.14
-1.72,-1.73,-1.74,-1.75,-1.74,-1.72, 0.84
-1.55,-1.56,-1.57,-1.58,-1.57,-1.56, 0.21
-1.41,-1.42,-1.43,-1.43,-1.42,-1.42, 0.15
-1.29,-1.30,-1.30,-1.31,-1.30,-1.29, 0.11
-1.17,-1.18,-1.19,-1.19,-1.18,-1.17, 0.15
-0.93,-0.98,-1.01,-1.02,-0.99,-0.95, 1.11
1.13,1.27,1.38,1.41,1.33,1.20, 1.43
-1.86,-1.87,-1.88,-1.89,-1.88,-1.86, 0.99
-1.67,-1.68,-1.69,-1.69,-1.68,-1.67, 0.69
-1.51,-1.52,-1.53,-1.53,-1.52,-1.51, 0.16
-1.38,-1.38,-1.39,-1.40,-1.39,-1.38, 0.14
-1.26,-1.26,-1.27,-1.27,-1.27,-1.26, 0.11
-1.13,-1.14,-1.15,-1.15,-1.14,-1.13, 0.38
1.90,1.95,1.99,2.00,1.97,1.92, 1.30
-2.01,-2.03,-2.04,-2.05,-2.04,-2.02, 1.37
-1.80,-1.81,-1.82,-1.83,-1.82,-1.80, 0.88
-1.62,-1.63,-1.64,-1.65,-1.64,-1.63, 0.56
-1.47,-1.48,-1.49,-1.49,-1.48,-1.47, 0.14
-1.34,-1.35,-1.36,-1.36,-1.35,-1.34, 0.13
-1.22,-1.23,-1.24,-1.24,-1.23,-1.23, 0.11
-1.08,-1.10,-1.11,-1.11,-1.10,-1.09, 0.71
1.69,1.75,1.79,1.81,1.77,1.72, 1.39
-1.95,-1.96,-1.98,-1.98,-1.97,-1.96, 1.20
-1.75,-1.76,-1.77,-1.77,-1.76,-1.75, 0.85
-1.58,-1.59,-1.60,-1.60,-1.59,-1.58, 0.31
-1.43,-1.44,-1.45,-1.45,-1.44,-1.44, 0.13
-1.31,-1.31,-1.32,-1.32,-1.32,-1.31, 0.12
-1.19,-1.20,-1.20,-1.21,-1.20,-1.19, 0.12
-1.01,-1.04,-1.05,-1.06,-1.04,-1.02, 1.00
1.41,1.48,1.55,1.58,1.52,1.44, 1.41
-1.89,-1.90,-1.91,-1.92,-1.91,-1.89, 1.06
-1.69,-1.71,-1.72,-1.72,-1.71,-1.70, 0.79
-1.53,-1.54,-1.55,-1.56,-1.55,-1.54, 0.18
-1.40,-1.40,-1.41,-1.41,-1.41,-1.40, 0.14
-1.27,-1.28,-1.29,-1.29,-1.28,-1.28, 0.11
-1.15,-1.16,-1.17,-1.17,-1.16,-1.15, 0.25
1.99,-0.62,-0.92,-0.94,-0.84,1.02, 1.22
-2.04,0.46,1.11,1.18,0.89,-2.00, 1.41
-1.83,-1.84,-1.86,-1.86,-1.85,-1.83, 0.93
-1.65,-1.66,-1.67,-1.67,-1.66,-1.65, 0.67
-1.49,-1.50,-1.51,-1.51,-1.50,-1.50, 0.14
-1.36,-1.37,-1.38,-1.38,-1.37,-1.36, 0.14
-1.24,-1.25,-1.26,-1.26,-1.25,-1.24, 0.11
-1.11,-1.12,-1.13,-1.13,-1.12,-1.11, 0.53
1.81,1.86,1.90,1.92,1.88,1.83, 1.34
